links	"base0" "base1" "base2" "base3" "base4" "gripper_base_link" "left_inner_knuckle" "left_outer_knuckle" "left_outer_finger" "left_inner_finger" "left_inner_finger_pad" "right_inner_knuckle" "right_outer_knuckle" "right_outer_finger" "right_inner_finger" "right_inner_finger_pad" 

parents	-1 0 1 2 3 4 5 5 7 8 9 5 5 12 13 14 

axis	1 0 0	0 1 0	0 0 1	0 0 1	0 1 0	1 0 0	-1 0 0	-1 0 0	0 0 1	1 0 0	0 0 1	-1 0 0	-1 0 0	0 0 1	1 0 0	0 0 1	

jointtype	p p p r r r r r r r r r r r r r 

Tparent	1 0 0	0 1 0	0 0 1	0 0 0 \
1 0 0	0 1 0	0 0 1	0 0 0 \
1 0 0	0 1 0	0 0 1	0 0 0 \
1 0 0	0 1 0	0 0 1	0 0 0 \
1 0 0	0 1 0	0 0 1	0 0 0 \
1 0 0	0 1 0	0 0 1	0 0 0 \
1 0 0	0 -0.663135 -0.7485	0 0.7485 -0.663135	0 -0.0127 0.06142 \
1 0 0	0 -0.663135 -0.7485	0 0.7485 -0.663135	0 -0.030601 0.054905 \
1 0 0	0 1 0	0 0 1	0 0.01822 0.0260018 \
1 -0 0	0 0.748499 0.663135	-0 -0.663135 0.748499	0 0.0817554 -0.0282203 \
1 0 0	0 1 0	0 0 1	0 0.0457554 -0.0272203 \
-1 -3.55373e-08 -4.01119e-08	-5.35898e-08 0.663135 0.7485	-3.30872e-24 0.7485 -0.663135	0 0.0127 0.06142 \
-1 3.55373e-08 4.01119e-08	5.35898e-08 0.663135 0.7485	3.30872e-24 0.7485 -0.663135	0 0.030601 0.054905 \
1 0 0	0 1 0	0 0 1	0 0.01822 0.0260018 \
1 -0 0	0 0.748499 0.663135	-0 -0.663135 0.748499	0 0.0817554 -0.0282203 \
1 0 0	0 1 0	0 0 1	0 0.0457554 -0.0272203

q	0 0 0 0 0 0 0 0 0 0 0 0 0 0 0 0 

qmin	0 0 0 0 0 0 0 0 0 0 0 0 0 0 0 0 

qmax	0 0 0 0 0 0 0.8757 0.7 0 0.8757 0 0.8757 0.725 0 0.8757 0 

geometry	"" "" "" "" "" "robotiq140/base_link.off" "robotiq140/left_inner_knuckle.off" "robotiq140/left_outer_knuckle.off" "robotiq140/left_outer_finger.off" "robotiq140/left_inner_finger.off" "robotiq140/left_inner_finger_pad.off" "robotiq140/right_inner_knuckle.off" "robotiq140/right_outer_knuckle.off" "robotiq140/right_outer_finger.off" "robotiq140/right_inner_finger.off" "robotiq140/right_inner_finger_pad.off" 

mass	0 0 0 0 0 163.626 0.0271177 0.00853198 0.0226142 0.0104003 0.0001 0.0271177 0.00853198 0.0226142 0.0104003 0.0001 

com	0 0 0	0 0 0	0 0 0	0 0 0	0 0 0	-0.12713 -5.73414e-05 0.379647	0.000123012 0.0507851 0.00103969	-0.0002 0.0199436 0.0292245	0.000301159 0.0373908 -0.0208027	0.0003 0.0160078 -0.0136946	0 0 0	0.000123012 0.0507851 0.00103969	-0.0002 0.0199436 0.0292245	0.000301159 0.0373908 -0.0208027	0.0003 0.0160078 -0.0136946	0 0 0	

inertia	0 0 0 0 0 0 0 0 0	0 0 0 0 0 0 0 0 0	0 0 0 0 0 0 0 0 0	0 0 0 0 0 0 0 0 0	0 0 0 0 0 0 0 0 0	4.25097 -0.000184077 -0.0112541 -0.000184077 4.66102 -5.17543e-06 -0.0112541 -5.17543e-06 4.66249	2.6191e-05 -2.43617e-07 -6.3779e-09 -2.43617e-07 2.82702e-06 -5.37201e-07 -6.3779e-09 -5.37201e-07 2.83696e-05	2.89328e-06 -1.57935e-19 -1.9398e-19 -1.57935e-19 1.8672e-06 -1.21859e-06 -1.9398e-19 -1.21859e-06 1.21905e-06	1.52518e-05 9.76583e-10 -5.43839e-10 9.76583e-10 6.17694e-06 6.78636e-06 -5.43839e-10 6.78636e-06 1.16495e-05	2.71909e-06 1.35402e-21 -7.18173e-22 1.35402e-21 7.691e-07 6.74715e-07 -7.18173e-22 6.74715e-07 2.30315e-06	1e-08 0 0 0 1e-08 0 0 0 1e-08	2.6191e-05 -2.43617e-07 -6.3779e-09 -2.43617e-07 2.82702e-06 -5.37201e-07 -6.3779e-09 -5.37201e-07 2.83696e-05	2.89328e-06 -1.57935e-19 -1.9398e-19 -1.57935e-19 1.8672e-06 -1.21859e-06 -1.9398e-19 -1.21859e-06 1.21905e-06	1.52518e-05 9.76583e-10 -5.43839e-10 9.76583e-10 6.17694e-06 6.78636e-06 -5.43839e-10 6.78636e-06 1.16495e-05	2.71909e-06 1.35402e-21 -7.18173e-22 1.35402e-21 7.691e-07 6.74715e-07 -7.18173e-22 6.74715e-07 2.30315e-06	1e-08 0 0 0 1e-08 0 0 0 1e-08	

torquemax	0 0 0 0 0 0 1000 1000 inf 1000 inf 1000 1000 inf 1000 inf 

velmax	inf inf inf inf inf inf 2 2 0 2 0 2 2 0 2 0 

accmax	inf inf inf inf inf inf 100 100 0 100 0 100 100 0 100 0 

noselfcollision	5 8	5 9	5 10	5 13	5 14	5 15	
noselfcollision	6 7	6 8	6 9	6 10	6 11	6 12	6 13	6 14	6 15	
noselfcollision	7 9	7 10	7 11	7 12	7 13	7 14	7 15	
noselfcollision	8 10	8 11	8 12	8 13	8 14	8 15	
noselfcollision	9 11	9 12	9 13	9 14	9 15	
noselfcollision	10 11	10 12	10 13	10 14	10 15	
noselfcollision	11 12	11 13	11 14	11 15	
noselfcollision	12 14	12 15	
noselfcollision	13 15	

driver affine 6 6 7 9 11 12 14     0.7 0.7 0.7 0.7 0.7 0.7     0 0 0 0 0 0   0.0 1.0 0 0 0 0

servoP	0.8
servoI	0
servoD	0.1

dryFriction 0.1
viscousFriction	1

