timestep,Left Shoulder,Left UpperArm,Left ForeArm,Left Wrist1,Left Wrist2,Left Wrist3,Right Shoulder,Right UpperArm,Right ForeArm,Right Wrist1,Right Wrist2,Right Wrist3,Left EE Transform,Right EE Transform
0:00:00.020366,-0.20752,-2.11078,-1.60888,3.72058,-0.96628,0.09036,0.20605333333333334,-1.0316659869231264,1.6064800000000001,-0.5776806797435401,0.9567066666666667,-0.10086666666666666,"[[0.9996353468539133, 0.0193691724182259, 0.018298690855710266, -0.02645635678140185, 0.6397651614758633, 0.7681148533502417, 0.0031708841214407404, -0.7683201047230221, 0.6400430766563323], [0.7007805656850663, 0.1946459586951349, 0.6190321627152395]]","[[0.9993840646101588, -0.02622134314074914, 0.02290798364036926, 0.03431742046223051, 0.6306117793735749, -0.7753391999011977, 0.005884390885769244, 0.7756491699726036, 0.6311218261018255], [0.7009650632334141, -0.19544190749652182, 0.6178277078722885]]"
0:00:00.082630,-0.22954666666666668,-2.131686666666667,-1.6036533333333334,3.73962,-0.9853200000000001,0.05750666666666665,0.23045333333333334,-1.0044659869231263,1.5800800000000002,-0.5984806797435401,0.9155066666666667,-0.12686666666666668,"[[0.9995451466323174, 0.02347003147368064, 0.018425371068398644, -0.029357998942842224, 0.6632246901922082, 0.7478442571925512, 0.005331767235205391, -0.748045839465787, 0.6636112436397631], [0.7085888789833334, 0.19476910205443304, 0.6325780314525267]]","[[0.9952323248762959, -0.07992372122445038, 0.05572983743978786, 0.09267380351489811, 0.5998903649418466, -0.7946965380071445, 0.030083312041814844, 0.7960742169142111, 0.6044352799914926], [0.7139434092995105, -0.2011553355458092, 0.6297762999257719]]"
0:00:00.142951,-0.2531466666666667,-2.1540866666666667,-1.5980533333333333,3.76002,-1.0057200000000002,0.022306666666666627,0.2532266666666667,-0.9790793202564597,1.5554400000000002,-0.6178940130768735,0.8770533333333334,-0.15113333333333337,"[[0.9994291355431184, 0.027921624986840532, 0.01851017452172641, -0.0326446878069552, 0.6877268770093657, 0.7252351570799142, 0.00751979956653248, -0.7254257615339001, 0.6882454143504678], [0.7166078711839814, 0.1950977545177812, 0.6474376307658072]]","[[0.9863948799936049, -0.13656326825845233, 0.09141626180291829, 0.15317759606052941, 0.5625759720081405, -0.8124308284754521, 0.059519616829402516, 0.815382830014016, 0.5758381943051979], [0.7272473915991111, -0.2074964752814234, 0.6432474846977323]]"
0:00:00.214923,-0.28146666666666675,-2.180966666666667,-1.5913333333333335,3.7845,-1.0302000000000002,-0.019933333333333414,0.28250666666666674,-0.9464393202564596,1.52376,-0.6428540130768735,0.8276133333333333,-0.1823333333333334,"[[0.9992624621837061, 0.03333822175707597, 0.018545631730497735, -0.03682838352590024, 0.7162153240873217, 0.6969069163949346, 0.009950971682551761, -0.6970757365685373, 0.7169150712773589], [0.7257305120354465, 0.19575052792728545, 0.6657243312197566]]","[[0.9698744868282007, -0.20291555971773514, 0.13472441757679285, 0.2223829122288673, 0.5121203804379548, -0.8296243975226223, 0.09934857899508256, 0.8345947528977896, 0.5418146365167886], [0.7423525082088888, -0.21536752842178833, 0.6602954652245071]]"
0:00:00.279152,-0.3050666666666667,-2.2033666666666667,-1.5857333333333334,3.8049,-1.0506000000000002,-0.05513333333333341,0.3069066666666667,-0.9192393202564596,1.49736,-0.6636540130768736,0.7864133333333333,-0.20833333333333343,"[[0.9990998705391652, 0.03791054876401794, 0.018522675897186057, -0.04051049850158487, 0.7391513483168399, 0.6723199457711285, 0.011796957225337374, -0.6724644857342346, 0.74002243952188], [0.7328943061400469, 0.1965004176197435, 0.6813268347573289]]","[[0.9512727289215416, -0.2565404986772437, 0.17102555634374622, 0.2767015099334368, 0.46566410082489673, -0.8405893188717559, 0.13600474113323682, 0.8469559184168747, 0.5139555098216472], [0.7541939849709584, -0.22211175931346155, 0.6752094354085991]]"
0:00:00.349908,-0.3318133333333334,-2.2287533333333336,-1.5793866666666667,3.82802,-1.0737200000000002,-0.09502666666666677,0.3345600000000001,-0.8884126535897929,1.46744,-0.6872273464102069,0.7397199999999999,-0.23780000000000012,"[[0.9989019189792084, 0.04284237320237192, 0.018448396771514854, -0.04462856544471053, 0.7627668687352747, 0.6451316332307628, 0.013567144356933817, -0.6452454145657861, 0.7638424199149777], [0.7400750932280921, 0.1974962694488255, 0.6983168912675504]]","[[0.9250193036001476, -0.31512346627323107, 0.21217911172272738, 0.33401870148961393, 0.40858391810824657, -0.8494037234490308, 0.18097407279024835, 0.8565902129182059, 0.4832015616070347], [0.7667639621775981, -0.22992029066591418, 0.6928552437346768]]"
0:00:00.410437,-0.35541333333333347,-2.2511533333333333,-1.5737866666666667,3.84842,-1.0941200000000002,-0.13022666666666682,0.3589600000000001,-0.8612126535897929,1.44104,-0.7080273464102069,0.6985199999999998,-0.26380000000000015,"[[0.998692724486919, 0.04751365654034062, 0.018334559748788247, -0.04866152176033004, 0.7840715823102656, 0.6187596485021686, 0.0150239261467592, -0.618841349826951, 0.7853602684782894], [0.7463572878412447, 0.19860386502390728, 0.714555120722672]]","[[0.8994007736843869, -0.3613663385308983, 0.24592066696557063, 0.3774544708907921, 0.3583807234427575, -0.85386550016176, 0.22042502285466298, 0.8607950025653135, 0.4587233841790892], [0.7764176647345434, -0.23645430307610163, 0.7079539335912547]]"
0:00:00.475346,-0.3790133333333335,-2.2735533333333335,-1.5681866666666666,3.86882,-1.1145200000000002,-0.1654266666666669,0.38336000000000015,-0.8340126535897929,1.41464,-0.7288273464102069,0.6573199999999999,-0.28980000000000017,"[[0.998443775130734, 0.05254326292864803, 0.018168692171722917, -0.0531387614863028, 0.8058644175312838, 0.5897103614033145, 0.0163438040366916, -0.5897560140242535, 0.8074044824487548], [0.7525597647809883, 0.19995964135030062, 0.7321888623970406]]","[[0.868094749728422, -0.40866264912291667, 0.2817653920752653, 0.4198678570978398, 0.3017548815034439, -0.855948974725146, 0.26477029302777977, 0.8613531451737333, 0.433532036296793], [0.7860441588030246, -0.24353043644498296, 0.7246720225016672]]"
0:00:00.539869,-0.4026133333333335,-2.2959533333333337,-1.5625866666666668,3.88922,-1.1349200000000002,-0.20062666666666684,0.4077600000000001,-0.8068126535897928,1.38824,-0.7496273464102069,0.6161199999999998,-0.3158000000000002,"[[0.9981856844693391, 0.05729876544521857, 0.01797401279029566, -0.05749162280842028, 0.8253832041067991, 0.5616373822829234, 0.017345680365185093, -0.5616492035575652, 0.8271824440149824], [0.7578908336034127, 0.2013832554672533, 0.7489969594607045]]","[[0.8304936780066227, -0.45628944267333965, 0.3194789300044255, 0.46005552094300767, 0.23855652995628193, -0.855237974490623, 0.31402227379740066, 0.8572520845819336, 0.4080338592229864], [0.7954789767860709, -0.25113291176736047, 0.7430900318433586]]"
0:00:00.608411,-0.4293600000000002,-2.32134,-1.55624,3.9123400000000004,-1.1580400000000002,-0.24052000000000023,0.4337866666666668,-0.7777993202564595,1.36008,-0.7718140130768736,0.5721733333333331,-0.3435333333333335,"[[0.9978835633552448, 0.06241008911420302, 0.017727276980736967, -0.06228917610881182, 0.8451892850353528, 0.5308239904406338, 0.018145867990384, -0.5308017174408786, 0.8472910036248055], [0.7630443943200975, 0.20305209668869117, 0.7672013571385589]]","[[0.7887781762054942, -0.5007409509692706, 0.356476304544598, 0.49469571952147706, 0.1729674037379433, -0.8516744159504958, 0.3648094760680739, 0.8481339441777731, 0.3841428686226115], [0.8040390982341661, -0.2587582739966011, 0.7620775210346761]]"
0:00:00.672473,-0.45453333333333346,-2.3452333333333337,-1.5502666666666667,3.9341000000000004,-1.1798000000000002,-0.2780666666666669,0.4598133333333335,-0.7487859869231261,1.33192,-0.7940006797435403,0.5282266666666664,-0.37126666666666686,"[[0.9975533415669126, 0.0675570978898342, 0.017443008379093506, -0.06723296628936555, 0.8639066721057614, 0.49914289280281027, 0.018651513949798956, -0.4990908839238118, 0.8663385735514315], [0.767631432105697, 0.20486270330621886, 0.7856699865210047]]","[[0.7432061208865816, -0.5417683745699291, 0.39258232559589473, 0.5235020301495396, 0.10551764300933672, -0.845459132202755, 0.41661865813478655, 0.8338725713978193, 0.36203367716924245], [0.81171304744127, -0.26637288752742216, 0.7815981206569048]]"
0:00:00.742387,-0.48128000000000026,-2.37062,-1.54392,3.9572200000000004,-1.2029200000000002,-0.3179600000000003,0.4874666666666668,-0.7179593202564595,1.302,-0.8175740130768736,0.48153333333333304,-0.40073333333333355,"[[0.9971713208581404, 0.07305983929847469, 0.017103061134355637, -0.07262902306464832, 0.8825536894322001, 0.46456671595311644, 0.01884679990624487, -0.4644907481869711, 0.8853675291811705], [0.7718669151185781, 0.2069258636284676, 0.805558353479495]]","[[0.6940578330365582, -0.5791430654391146, 0.42763018427757366, 0.5462434636428211, 0.03675548121496951, -0.8368125544945079, 0.46891643480271705, 0.8143910328303235, 0.3418590120723815], [0.8184925432493835, -0.2739438493811787, 0.8016147518923613]]"
0:00:00.812217,-0.5048800000000002,-2.3930200000000004,-1.5383200000000001,3.9776200000000004,-1.2233200000000002,-0.35316000000000025,0.5134933333333336,-0.688945986923126,1.2738399999999999,-0.8397606797435404,0.43758666666666624,-0.42846666666666694,"[[0.9967821956913455, 0.07826610338109444, 0.01675046250757281, -0.077824838984045, 0.8988928409079018, 0.4311991895868462, 0.01869140952009477, -0.4311107602763603, 0.902095943292857], [0.7752373214790095, 0.20898328297466925, 0.8245033291105196]]","[[0.6416342731071689, -0.612657883293992, 0.4614625249435399, 0.562746735040761, -0.03275792444267799, -0.8259720845808537, 0.5211548635244598, 0.7896629954758759, 0.3237481483590163], [0.8243724262042108, -0.2814391560824371, 0.8220897738930707]]"
0:00:00.880624,-0.5316266666666669,-2.418406666666667,-1.5319733333333334,4.00074,-1.2464400000000002,-0.3930533333333337,0.5411466666666669,-0.6581193202564595,1.24392,-0.8633340130768736,0.390893333333333,-0.4579333333333336,"[[0.9963371685341145, 0.08382137031162365, 0.016344439262076266, -0.08344886124049342, 0.9149201752123746, 0.394910918692299, 0.018148117122403818, -0.3948233286780804, 0.9185687974250013], [0.7781488597122694, 0.21127467968576177, 0.8448470667372812]]","[[0.5827033634225193, -0.6438322451760857, 0.4959134076941994, 0.5733199190875828, -0.10680281417978185, -0.8123318428367762, 0.5759703817328548, 0.7576698548542099, 0.30688316862046006], [0.8296317659234274, -0.2892854296832694, 0.8443041687287995]]"
0:00:00.953903,-0.5583733333333336,-2.4437933333333337,-1.5256266666666667,4.02386,-1.2695600000000002,-0.432946666666667,0.5671733333333336,-0.629105986923126,1.21576,-0.8855206797435404,0.3469466666666662,-0.48566666666666697,"[[0.9958595631779275, 0.08939544022061464, 0.015909495264818704, -0.08915591662274926, 0.9295276570552264, 0.35780758817523833, 0.017198051000763666, -0.3577390110641889, 0.9336546619626753], [0.7803565754487721, 0.21365611438811036, 0.8653845934557239]]","[[0.5208399721984518, -0.6702495662543158, 0.528664209973596, 0.5766610223573553, -0.1803689163998401, -0.7968146481721642, 0.6294192630147932, 0.7198770609851718, 0.2925593607308846], [0.833874228650444, -0.29697574931411025, 0.8669470815138102]]"
0:00:01.020209,-0.5851200000000003,-2.4691800000000006,-1.51928,4.0469800000000005,-1.2926800000000003,-0.4728400000000003,0.594826666666667,-0.5982793202564594,1.1858399999999998,-0.9090940130768737,0.3002533333333328,-0.5151333333333337,"[[0.9953803687690391, 0.09465370944361365, 0.015476856024594773, -0.09457992455323347, 0.9419377722993078, 0.32218630619597904, 0.01591789372738152, -0.3221557362586943, 0.9465446957367543], [0.7817801058949688, 0.21596231895879756, 0.8848654629926901]]","[[0.46031470064058827, -0.6906235603292442, 0.5578039449398657, 0.5732120386313626, -0.248560879067569, -0.7807874132421619, 0.6778784220951736, 0.6791516747496953, 0.28145369838063306], [0.8369423317656465, -0.3040408419549576, 0.8886081572142641]]"
0:00:01.084398,-0.6087200000000003,-2.4915800000000004,-1.51368,4.06738,-1.3130800000000002,-0.5080400000000003,0.6192266666666669,-0.5710793202564595,1.1594399999999998,-0.9298940130768737,0.2590533333333329,-0.5411333333333337,"[[0.9948725721072934, 0.09991882738365977, 0.015024643289831219, -0.1000314507119152, 0.9530127518710174, 0.28592996360789275, 0.014251110030030711, -0.28596036911695416, 0.9581277190464756], [0.7825597153013154, 0.2183144938758835, 0.9044683841878883]]","[[0.3979300296368848, -0.706534451969053, 0.5851987536940824, 0.5634452673020086, -0.315168305121674, -0.76366296178734, 0.7239902915565619, 0.6336153546336462, 0.27267509873305273], [0.8391203691428775, -0.3109109863194088, 0.9105694159344196]]"
0:00:01.163055,-0.6386133333333336,-2.5199533333333335,-1.5065866666666667,4.0932200000000005,-1.3389200000000003,-0.5526266666666669,0.6501333333333337,-0.536625986923126,1.126,-0.9562406797435404,0.2068666666666662,-0.5740666666666671,"[[0.9942674706161286, 0.10584430125964286, 0.014496194199146576, -0.1061668141315536, 0.9638323762298497, 0.24443931505729607, 0.011900607201372558, -0.2445701216869694, 0.9695512836400456], [0.7826573459894889, 0.22099458086191076, 0.9266368004558138]]","[[0.3259906496018673, -0.7189996349539606, 0.6138138780657914, 0.5450761144167058, -0.3875320199187933, -0.7434332503688368, 0.7724007676488538, 0.576930557756938, 0.26557472647046165], [0.8405182231843215, -0.31837560854200053, 0.9355868487965375]]"
0:00:01.233434,-0.6653600000000003,-2.5453400000000004,-1.50024,4.11634,-1.3620400000000004,-0.5925200000000004,0.677786666666667,-0.5057993202564594,1.0960799999999997,-0.9798140130768738,0.16017333333333283,-0.6035333333333337,"[[0.9936635873017818, 0.11143679934419054, 0.013981626195869899, -0.11193176220632835, 0.9724154866929359, 0.20463017418026166, 0.009207381817877017, -0.20489111984579272, 0.9787345993393074], [0.7819838915636359, 0.22353747892459702, 0.9476546134940664]]","[[0.25681125233099034, -0.7254241699733672, 0.6385972259656586, 0.5207944699419679, -0.45273311272633515, -0.7237315614301444, 0.8141264771238268, 0.5184427762632774, 0.2615274746156714], [0.840829633174211, -0.32513975745870705, 0.9594696998990704]]"
0:00:01.299632,-0.6889600000000003,-2.5677400000000006,-1.49464,4.1367400000000005,-1.3824400000000003,-0.6277200000000004,0.702186666666667,-0.47859932025645935,1.06968,-1.0006140130768737,0.11897333333333282,-0.6295333333333337,"[[0.9930670340908606, 0.1166916967026419, 0.013486891385239569, -0.11730170883401897, 0.9790079963961026, 0.1666645121200729, 0.006244590186734185, -0.1670832155338992, 0.9859165553740037], [0.780665221183696, 0.2259220621495635, 0.9674801265195279]]","[[0.1951502332982526, -0.7267544366913753, 0.6585921349199165, 0.4940249665635441, -0.507244163198142, -0.7061330545038464, 0.8472523466214339, 0.46316493568794526, 0.2600440715699828], [0.840304204790365, -0.3308565731625956, 0.980711822946398]]"
0:00:01.369259,-0.7157066666666669,-2.593126666666667,-1.4882933333333332,4.15986,-1.4055600000000004,-0.6676133333333337,0.7298400000000004,-0.44777265358979257,1.0397599999999998,-1.0241873464102071,0.07227999999999934,-0.6590000000000005,"[[0.992443775080769, 0.121933317852204, 0.012985140263509472, -0.12258868869478004, 0.9841299074413538, 0.12826934808223478, 0.002861242304765567, -0.1288836734308353, 0.9916495199791586], [0.7786789737821972, 0.22828016515740057, 0.9873221652886783]]","[[0.12498596146654174, -0.7233491327627162, 0.6790760068975802, 0.45796475961613736, -0.5650974649885906, -0.6862318083070373, 0.8801293134454831, 0.39676352805530785, 0.26063785627512204], [0.8388192246172856, -0.33702929311274443, 1.0049372692585443]]"
0:00:01.440362,-0.7424533333333336,-2.618513333333334,-1.4819466666666667,4.182980000000001,-1.4286800000000004,-0.7075066666666671,0.7574933333333337,-0.4169459869231259,1.0098399999999996,-1.0477606797435404,0.02558666666666598,-0.6884666666666671,"[[0.9917531138655924, 0.12748263321458728, 0.012447776659267737, -0.12808257235021026, 0.9879303743890101, 0.08706510420523922, -0.001198247910114858, -0.0879327219427754, 0.996120038191167], [0.7758349481584396, 0.23073673946837597, 1.0083935236415653]]","[[0.050865136738558435, -0.7140945715761405, 0.6981988460762634, 0.41361984363498716, -0.6212579737622569, -0.6655358696491767, 0.9090171521021682, 0.322642035206672, 0.2637627485982209], [0.8362397952722657, -0.3431877853553139, 1.0307154792738187]]"
0:00:01.506493,-0.767626666666667,-2.642406666666667,-1.4759733333333334,4.20474,-1.4504400000000004,-0.7450533333333338,0.7818933333333338,-0.3897459869231259,0.9834399999999998,-1.0685606797435405,-0.015613333333334034,-0.7144666666666671,"[[0.9910341213274598, 0.13300583159530652, 0.011909681826261051, -0.13341388218906783, 0.9900106296480582, 0.0455059614601297, -0.005738153357176326, -0.04667774571994604, 0.998888270503957], [0.7722345348189479, 0.23312189528316668, 1.0294231711132262]]","[[-0.010380631591769914, -0.702003074613001, 0.7120982535278819, 0.37223229123583124, -0.663662094901529, -0.648827070383769, 0.9280712170135861, 0.25833063508768533, 0.26819753925000167], [0.8333187465145722, -0.3480076409390649, 1.0522612254531378]]"
0:00:01.574742,-0.7943733333333337,-2.667793333333334,-1.4696266666666666,4.227860000000001,-1.4735600000000004,-0.7849466666666672,0.8095466666666671,-0.35891932025645923,0.9535199999999997,-1.092134013076874,-0.06230666666666729,-0.7439333333333339,"[[0.9903325476986692, 0.13817519296149156, 0.011405945394191661, -0.1382500719093379, 0.9903735034000569, 0.006130615496160471, -0.010449047120480698, -0.007638704939442464, 0.9999113610532198], [0.7681561042460936, 0.23528225353792045, 1.0491496441779968]]","[[-0.0748119944483649, -0.6848018876260717, 0.7248788984634928, 0.324086430322994, -0.7041455191726954, -0.6317657348653251, 0.9430545960691546, 0.18765892606743756, 0.27461436381301846], [0.8294507795764726, -0.3528225003829035, 1.0752722604648264]]"
0:00:01.645057,-0.8195466666666671,-2.6916866666666674,-1.4636533333333333,4.24962,-1.4953200000000004,-0.8224933333333339,0.8355733333333337,-0.3299059869231258,0.9253599999999996,-1.1143206797435405,-0.10625333333333409,-0.7716666666666673,"[[0.9895618814070548, 0.14363153443493468, 0.010877229595108121, -0.14315995886934443, 0.9890424654505572, -0.03591322595911307, -0.015916313727033435, 0.03399108488044339, 0.9992909166391662], [0.7630928344047956, 0.23746741041551095, 1.0700089188053157]]","[[-0.14184894797451505, -0.6617805485135464, 0.7361555152192153, 0.2689395644609375, -0.74146098085614, -0.6147260353747512, 0.9526443232529569, 0.11078144915535576, 0.28315608565731293], [0.8245149082944785, -0.35755650565731245, 1.0997160735278948]]"
0:00:01.710922,-0.8447200000000004,-2.7155800000000005,-1.4576799999999999,4.271380000000001,-1.5170800000000004,-0.8600400000000005,0.8616000000000004,-0.30089265358979245,0.8971999999999997,-1.1365073464102071,-0.15020000000000067,-0.7994000000000006,"[[0.9888139843331172, 0.14872805126939836, 0.010389126774803444, -0.14753256522085312, 0.98615698036262, -0.07561298339627928, -0.021491081560038594, 0.07324470525359678, 0.9970783082520507], [0.7576447573481101, 0.23940148935504152, 1.0895194611811443]]","[[-0.20322525202685573, -0.6357910659707267, 0.7446262899030899, 0.21382196594995445, -0.7709532943797381, -0.5999102310552563, 0.9554896565719159, 0.037298100713519244, 0.2926257218024212], [0.8191166025165815, -0.3616425780498783, 1.122681121243234]]"
0:00:01.781246,-0.8714666666666672,-2.740966666666667,-1.4513333333333334,4.294500000000001,-1.5402000000000005,-0.8999333333333339,0.8892533333333338,-0.2700659869231258,0.8672799999999996,-1.1600806797435406,-0.19689333333333414,-0.8288666666666673,"[[0.9880454594151423, 0.15378220984008673, 0.009913578690066595, -0.1516316819582814, 0.9816746862474484, -0.11537183589032468, -0.02747404512668239, 0.11250001030076945, 0.9932680758188355], [0.7515404721589652, 0.24119862233092448, 1.1088853774197176]]","[[-0.26258119925061474, -0.6057740526838653, 0.7510575117841118, 0.15613889297429862, -0.794782688996537, -0.5864489403234464, 0.9521830600787169, -0.03672443827207772, 0.3032831422716497], [0.8130133009890621, -0.365362567445573, 1.1455726363717138]]"
0:00:01.849697,-0.8966400000000004,-2.7648600000000005,-1.44536,4.316260000000001,-1.5619600000000005,-0.9374800000000006,0.9152800000000004,-0.24105265358979244,0.8391199999999996,-1.1822673464102071,-0.24084000000000072,-0.8566000000000006,"[[0.9872077708214051, 0.15910079996963317, 0.009425765029571372, -0.15565161103820904, 0.9751513429621381, -0.157606040707928, -0.034266794583710056, 0.154133720412378, 0.9874522271411301], [0.7443436616821912, 0.24293834847694448, 1.1292741912280648]]","[[-0.3230609772701731, -0.5696735570220854, 0.7557124516971101, 0.09266625794537438, -0.8137309558409076, -0.5737911364352497, 0.9418202533411784, -0.11534461381463612, 0.3156783681190201], [0.8057842842828435, -0.3689075738400962, 1.169778148944097]]"
0:00:01.927270,-0.9249600000000004,-2.7917400000000008,-1.43864,4.34074,-1.5864400000000005,-0.9797200000000005,0.9445600000000005,-0.20841265358979244,0.8074399999999996,-1.2072273464102072,-0.29028000000000087,-0.8878000000000006,"[[0.986298906180058, 0.16466867887111225, 0.00893324614680292, -0.15948981695251374, 0.966258000682072, -0.20222485637692816, -0.041931920495899846, 0.19804068348884019, 0.9792934772460251], [0.7359364106172436, 0.24456709148175257, 1.1506181546434715]]","[[-0.3837822419448176, -0.5269940083492315, 0.7582777643307689, 0.02375714936581192, -0.8265182184579145, -0.5623919642342422, 0.9231075823661181, -0.19782659002562147, 0.32972794950728956], [0.7973279614903581, -0.37219861690472333, 1.1952353595881435]]"
0:00:01.995853,-0.9517066666666671,-2.8171266666666672,-1.4322933333333332,4.363860000000001,-1.6095600000000005,-1.0196133333333341,0.9705866666666673,-0.179399320256459,0.7792799999999995,-1.229414013076874,-0.33422666666666767,-0.9155333333333341,"[[0.9854217122515134, 0.16986173350039474, 0.008495032921156335, -0.16268025503780326, 0.9559787979910818, -0.2441830281094956, -0.04959842380691611, 0.23925287727374894, 0.9696870078530215], [0.7272657417134119, 0.24588234564053493, 1.170513607826576]]","[[-0.43455932889528626, -0.4854654923948847, 0.7586020747706281, -0.0383097294767615, -0.8315598869234697, -0.5540957294425065, 0.8998174116438826, -0.26985518367009065, 0.3427699297885902], [0.7891482305337936, -0.37472253199331496, 1.217680900708678]]"
0:00:02.058347,-0.9753066666666672,-2.8395266666666674,-1.4266933333333331,4.384260000000001,-1.6299600000000005,-1.054813333333334,0.9966133333333339,-0.15038598692312566,0.7511199999999996,-1.2516006797435408,-0.37817333333333425,-0.9432666666666674,"[[0.9846869293621703, 0.17408692189478836, 0.008156793425072096, -0.164963979668995, 0.94614262749318, -0.2785428297664058, -0.0562081538130144, 0.27294373424846935, 0.9603841776636803], [0.719602505305827, 0.24678830468230534, 1.1866846399324198]]","[[-0.47917505456768555, -0.44369080723085574, 0.7573139292219458, -0.09665392532879959, -0.8308959423267738, -0.5479521324823737, 0.8723703948430336, -0.33576898398115024, 0.35526677738628604], [0.7809375262294814, -0.37674547636402056, 1.2385396553657704]]"
0:00:02.119847,-0.9973333333333338,-2.860433333333334,-1.4214666666666667,4.403300000000001,-1.6490000000000005,-1.0876666666666674,1.0210133333333338,-0.12318598692312577,0.7247199999999997,-1.2724006797435405,-0.41937333333333415,-0.9692666666666673,"[[0.9838885579030762, 0.17855897425487, 0.007819940488361035, -0.1670417554037814, 0.9342329171893883, -0.3151037994669668, -0.06357025703132277, 0.30873282811008945, 0.9490199439907678], [0.7108787047826487, 0.24756798891710297, 1.2037765385615173]]","[[-0.5206864111697839, -0.3993872869755776, 0.7545654685553692, -0.15466361967156114, -0.8250737184207637, -0.5434281043900847, 0.8396104132115213, -0.39966681645293256, 0.3678413503438885], [0.7722244423100969, -0.3784375922146906, 1.259196217374759]]"
0:00:02.178795,-1.0193600000000005,-2.8813400000000007,-1.41624,4.422340000000001,-1.6680400000000006,-1.1205200000000008,1.0437866666666673,-0.09779932025645899,0.7000799999999996,-1.2918140130768738,-0.4578266666666676,-0.993533333333334,"[[0.983134229362931, 0.18267874633405276, 0.007531909443952527, -0.1686156902314001, 0.9218427663858545, -0.348939293694783, -0.0706870289568336, 0.3417964302035551, 0.9371099453404141], [0.7022677825932158, 0.2481060250073577, 1.2194929660251022]]","[[-0.5564616095332138, -0.35595696786297326, 0.7507580703207983, -0.20809208797698997, -0.8150708952386123, -0.5406835124843399, 0.8043811161614137, -0.4571044549823653, 0.3794918565342188], [0.7636582127577504, -0.37972062800377343, 1.2782729750327568]]"
0:00:02.241281,-1.044533333333334,-2.9052333333333342,-1.4102666666666666,4.444100000000001,-1.6898000000000004,-1.1580666666666675,1.0665600000000006,-0.07241265358979232,0.6754399999999995,-1.3112273464102073,-0.49628000000000105,-1.0178000000000007,"[[0.9822627860388524, 0.187319585471158, 0.007237061942355775, -0.1699576315407721, 0.9061852063709517, -0.3872030193970104, -0.07908882755638173, 0.3791176000311107, 0.9219608759075847], [0.6918864138092921, 0.24848291617349338, 1.2371543680017012]]","[[-0.5914490499266465, -0.3074207707853374, 0.745434062528178, -0.2641418011831729, -0.7995853102796963, -0.5393272754311964, 0.7618385328982621, -0.5158936046072589, 0.3917199999983392], [0.7540355819044103, -0.3807812969146809, 1.2984740718159888]]"
0:00:02.304539,-1.0665600000000006,-2.9261400000000006,-1.4050399999999998,4.463140000000001,-1.7088400000000006,-1.1909200000000009,1.0925866666666673,-0.043399320256458984,0.6472799999999995,-1.3334140130768741,-0.5402266666666676,-1.045533333333334,"[[0.9814934025942501, 0.19131840441289524, 0.0070118484333632205, -0.1707116281320764, 0.891185164910726, -0.42027311182647514, -0.08665483647469929, 0.411310928588028, 0.9073652822635649], [0.6823427061985567, 0.24859299355094464, 1.252327584844415]]","[[-0.6228290314476128, -0.2570535380059586, 0.7389166455348695, -0.318525682036351, -0.7793335434077562, -0.5395942820186367, 0.7145671469283383, -0.5714482625033781, 0.4035227524741176], [0.7439740857922952, -0.3815216868223564, 1.318407457637555]]"
0:00:02.364793,-1.0901600000000007,-2.948540000000001,-1.39944,4.4835400000000005,-1.7292400000000008,-1.226120000000001,1.1153600000000008,-0.018012653589792205,0.6226399999999995,-1.3528273464102074,-0.5786800000000011,-1.0698000000000008,"[[0.9806633642455522, 0.19553577039516454, 0.006807434447237735, -0.17106364024352405, 0.8737815071199648, -0.45522039596940145, -0.09496008115639651, 0.4452662690021914, 0.8903473816043419], [0.6716553626926713, 0.24847164313802547, 1.2682755925962166]]","[[-0.6504690673223334, -0.20511015602640495, 0.7313063965207008, -0.37082378981465985, -0.7545202365095776, -0.5414519230484478, 0.6628427636810302, -0.623393492581014, 0.4147423048533212], [0.7334949070163406, -0.3819474292862287, 1.3380520696710243]]"
0:00:02.428566,-1.115333333333334,-2.972433333333334,-1.3934666666666666,4.505300000000001,-1.7510000000000008,-1.2636666666666676,1.1397600000000008,0.009187346410207686,0.5962399999999994,-1.3736273464102076,-0.6198800000000012,-1.0958000000000008,"[[0.9798288839667543, 0.1996808482723865, 0.006644187247479958, -0.17092443145445435, 0.8550166408565558, -0.4896054361406083, -0.10344571946889072, 0.47860684563803685, 0.871913287934864], [0.6605057898819523, 0.248091298258775, 1.2838856662736235]]","[[-0.6742574757361429, -0.15185187875265332, 0.7227074223244127, -0.42063928627881914, -0.7253828462316301, -0.5448517686343157, 0.6069763317072339, -0.6713800289792576, 0.42523045743838866], [0.72261887079965, -0.38206505623852005, 1.3573874649040396]]"
0:00:02.492168,-1.138933333333334,-2.994833333333334,-1.3878666666666666,4.5257000000000005,-1.7714000000000008,-1.2988666666666675,1.1641600000000007,0.0363873464102078,0.5698399999999995,-1.3944273464102075,-0.6610800000000011,-1.1218000000000008,"[[0.9789355669471647, 0.2040193722700533, 0.006518941199643568, -0.17021339823852608, 0.833523210792791, -0.5255931748627143, -0.11266487840461153, 0.5134253234972052, 0.8507054295955607], [0.6481225564819395, 0.2473874538755489, 1.3001434119867843]]","[[-0.6941037764161463, -0.09754490023450733, 0.7132265166077107, -0.4676016280881476, -0.6921892382809022, -0.5497306526301589, 0.547311140919092, -0.7150870302601945, 0.4348500380205231], [0.7113663855368374, -0.38188191312514835, 1.3763938001077651]]"
0:00:02.558341,-1.1641066666666673,-3.0187266666666677,-1.3818933333333332,4.547460000000001,-1.7931600000000008,-1.3364133333333341,1.1901866666666674,0.06540067974354113,0.5416799999999995,-1.416614013076874,-0.7050266666666679,-1.149533333333334,"[[0.9780407355230295, 0.20826907196557481, 0.006447902882091001, -0.16890126031628802, 0.8105321607501426, -0.5607953269839686, -0.12202255496891047, 0.5474048045571969, 0.8279235688041298], [0.63525448165725, 0.24636308929031375, 1.315974455588518]]","[[-0.7108507334047727, -0.038765461957947, 0.7022638819424849, -0.5141659728088386, -0.6526454307570444, -0.55647839383642, 0.4799014557421525, -0.7566647809110311, 0.4440131161489599], [0.6989712623282058, -0.38136414939359103, 1.3962828312856406]]"
0:00:02.622429,-1.1877066666666674,-3.0411266666666674,-1.3762933333333334,4.567860000000001,-1.8135600000000007,-1.3716133333333342,1.216213333333334,0.09441401307687447,0.5135199999999995,-1.4388006797435406,-0.7489733333333345,-1.1772666666666673,"[[0.9772020862710277, 0.2121696603911743, 0.00643397852486871, -0.1671084923460589, 0.7876462386888207, -0.5930171479299835, -0.13088794586736474, 0.5784356903657026, 0.8051581684248936], [0.6227707223196333, 0.24510064659538697, 1.3304100299863988]]","[[-0.7229775484654044, 0.020570487022047206, 0.6905544469652682, -0.5567218014834843, -0.6092130867717119, -0.5647132809218305, 0.40907837900326327, -0.7927336753095316, 0.4519113587054371], [0.6861940659320346, -0.3805239494095484, 1.4157528680026097]]"
0:00:02.688315,-1.2128800000000008,-3.065020000000001,-1.37032,4.589620000000001,-1.8353200000000007,-1.409160000000001,1.240613333333334,0.12161401307687436,0.48711999999999955,-1.4596006797435408,-0.7901733333333344,-1.2032666666666674,"[[0.9763095319168774, 0.21623833105291537, 0.006479024978011008, -0.16458036669650872, 0.7618477050503994, -0.6264841362140693, -0.1404059143565195, 0.6105894434830081, 0.7794010901374501], [0.6090295987423024, 0.24342073201767325, 1.3453558361277709]]","[[-0.7301245042648985, 0.07640949401624664, 0.6790170100731024, -0.5926831838545547, -0.5653349187991124, -0.5736757741351854, 0.34003775062184544, -0.8213089728053521, 0.4580637687066942], [0.6738887801588666, -0.37945344333273406, 1.433605923244065]]"
0:00:02.752348,-1.236480000000001,-3.0874200000000007,-1.36472,4.610020000000001,-1.8557200000000007,-1.444360000000001,1.2666400000000009,0.15062734641020792,0.45895999999999937,-1.4817873464102074,-0.8341200000000014,-1.2310000000000008,"[[0.9755316373859753, 0.2197183235007299, 0.00657220328783404, -0.16183584968301562, 0.7381296631633035, -0.6549462912892581, -0.14875483930418612, 0.6378705736091426, 0.755640504254761], [0.5966654467099624, 0.24166014725530227, 1.3580356868057035]]","[[-0.7331838558409818, 0.13217593702587116, 0.6670491127360902, -0.6245963081621712, -0.5187692971808936, -0.5837283003241178, 0.2688897643353808, -0.8446291185921633, 0.4629224153124487], [0.6612860289356114, -0.3781191956921276, 1.4510537777830137]]"
0:00:02.824766,-1.2648000000000008,-3.114300000000001,-1.3579999999999999,4.634500000000001,-1.8802000000000008,-1.486600000000001,1.2959200000000008,0.18326734641020792,0.42727999999999944,-1.5067473464102075,-0.8835600000000013,-1.2622000000000009,"[[0.9745377350391623, 0.22407966897774592, 0.006770229149066223, -0.15756391556304605, 0.706113683041336, -0.6903317329536732, -0.15946985764457353, 0.6717009591869163, 0.7234546789360392], [0.5803308794028087, 0.23898647123975367, 1.3737720459184575]]","[[-0.7314886853963641, 0.198621710144211, 0.652270276028214, -0.6572737326550877, -0.45987615077060595, -0.5970646253165199, 0.18137354685495577, -0.8654789149435127, 0.466955811834183], [0.6457949010058722, -0.3761841824775987, 1.4714322638594404]]"
0:00:02.896698,-1.289973333333334,-3.1381933333333345,-1.3520266666666665,4.656260000000001,-1.9019600000000008,-1.5241466666666676,1.3219466666666675,0.21228067974354126,0.3991199999999995,-1.5289340130768743,-0.9275066666666681,-1.2899333333333343,"[[0.9736620274877917, 0.22784701634716023, 0.007024414457332627, -0.15305519505487863, 0.6762673417091948, -0.7205674351680423, -0.16892952227208813, 0.7005273939534958, 0.6933423677930557], [0.5654266132684903, 0.23621264475799683, 1.387206293245036]]","[[-0.724575799960939, 0.26051309584268406, 0.6380478225743051, -0.682283257935043, -0.40180904037109044, -0.6107538699814099, 0.09726400183268812, -0.877879736621437, 0.4688977462207712], [0.6308209150959276, -0.37403741882778174, 1.4900943392265913]]"
0:00:02.964427,-1.316720000000001,-3.163580000000001,-1.3456799999999998,4.679380000000001,-1.9250800000000008,-1.5640400000000012,1.349600000000001,0.24310734641020804,0.3691999999999993,-1.5525073464102075,-0.9742000000000014,-1.319400000000001,"[[0.9727415776511884, 0.23173417880355338, 0.007379823576689885, -0.14752402930015662, 0.643182523202544, -0.7513546664794754, -0.17886113017568422, 0.7297985490675161, 0.6598500688516238], [0.5492268576576328, 0.232845933149043, 1.4008897255972474]]","[[-0.7134428282333155, 0.3176546791617402, 0.6245610930453757, -0.7004826725995104, -0.3455170301415061, -0.6244386065464146, 0.017440648792265673, -0.8830084352308564, 0.4690312118701032], [0.6164446995281014, -0.3717476308073129, 1.507118721770178]]"
0:00:03.030427,-1.3418933333333343,-3.187473333333334,-1.3397066666666666,4.701140000000001,-1.9468400000000008,-1.6015866666666678,1.3756266666666677,0.27212067974354137,0.34103999999999934,-1.5746940130768743,-1.0181466666666683,-1.3471333333333342,"[[0.9718864092601893, 0.2352814706754406, 0.0077989555040979125, -0.14161814831355335, 0.6108077234893697, -0.7789989193051318, -0.1880476736457433, 0.7560072516071096, 0.6269691140833669], [0.533668006681094, 0.2292744587234424, 1.4131958902101915]]","[[-0.697931326883611, 0.37341042789042783, 0.6110956366045398, -0.7134244983621492, -0.2881323360903449, -0.6387387892444633, -0.06243531125250654, -0.8817793483870032, 0.4675096705282245], [0.6018134807866704, -0.3692098121699073, 1.5236001357951938]]"
0:00:03.094283,-1.363920000000001,-3.208380000000001,-1.3344799999999999,4.720180000000001,-1.9658800000000007,-1.6344400000000012,1.398400000000001,0.29750734641020804,0.31639999999999935,-1.5941073464102076,-1.0566000000000013,-1.371400000000001,"[[0.9710959360922808, 0.23850721432229322, 0.008270165863456896, -0.13546508354035772, 0.5794191227141609, -0.8036815250398758, -0.1964757339888581, 0.7793447240787429, 0.594994134984682], [0.5188338852578909, 0.22556542005081684, 1.4242153710939345]]","[[-0.6795282058070858, 0.4241620533269302, 0.5985892429741311, -0.7207581380600906, -0.2337752633999102, -0.6525636632332245, -0.13685738537891756, -0.8748863290392558, 0.46458798265053225], [0.5878814507296212, -0.36661672413763036, 1.5385418847344112]]"
