timestep,Left Shoulder,Left UpperArm,Left ForeArm,Left Wrist1,Left Wrist2,Left Wrist3,Right Shoulder,Right UpperArm,Right ForeArm,Right Wrist1,Right Wrist2,Right Wrist3,Left EE Transform,Right EE Transform
0:00:00.034290,-0.19573333333333334,-2.1044333333333336,-1.5986666666666667,3.7079666666666666,-0.9622,0.08486666666666666,0.20157333333333335,-1.036892653589793,1.6067466666666668,-0.5724006797435401,0.96284,-0.10076,"[[0.9997781832718218, 0.016669344527247262, 0.01210558330745338, -0.019976428273119882, 0.6408406049441104, 0.7674139040125758, 0.005034537431035664, -0.7674867178055255, 0.6410302370254959], [0.6997179282699391, 0.19423424730168812, 0.6099387788612133]]","[[0.9996970414569019, -0.01854101268217311, 0.015584842613951426, 0.023791271147173127, 0.6310649194324562, -0.7753649671804292, 0.004541004241264347, 0.7755022297262768, 0.6313134644136699], [0.6994080125512994, -0.19530011462821695, 0.6138029449455086]]"
0:00:00.100321,-0.17312,-2.09846,-1.5624,3.68066,-0.9622,0.044759999999999966,0.19237333333333334,-1.0488926535897931,1.5823466666666668,-0.5536006797435401,0.9676400000000001,-0.12596000000000002,"[[0.9998520281143114, 0.00894795161990028, -0.014024132223332278, 0.004494677462980278, 0.6663594126191876, 0.7456171071383654, 0.016016858312477605, -0.7455705716936655, 0.6662198310302674], [0.7017541631821518, 0.19275528822553156, 0.5833395228740764]]","[[0.9998004963053522, -0.018961226365666946, -0.004501276203007324, 0.007857606732289791, 0.6035942856378249, -0.7972526798395856, 0.017833833127285703, 0.7970601108072549, 0.6036210011266534], [0.7016568081906305, -0.20041888786155165, 0.5960231288493063]]"
0:00:00.162664,-0.15050666666666662,-2.092486666666667,-1.5261333333333333,3.653353333333333,-0.9622,0.0046533333333332455,0.18256,-1.061692653589793,1.5563200000000001,-0.5335473464102067,0.9727600000000001,-0.15284000000000003,"[[0.9993031895241965, 0.002208882560551834, -0.0370011871882383, 0.025336583162649425, 0.68791087109677, 0.7253527867344154, 0.02705573803114102, -0.7257852053222887, 0.6873751937066674], [0.7025790892932953, 0.19181455743678663, 0.5597603431747936]]","[[0.999497909646753, -0.01954858404910558, -0.02454794722853359, -0.00883418854040044, 0.5753409919044365, -0.8178655968881176, 0.030111554669321607, 0.8176741440794703, 0.5748770944416801], [0.7033760442909702, -0.20587687455821146, 0.5782274148488522]]"
0:00:00.229436,-0.1293066666666666,-2.0868866666666666,-1.4921333333333333,3.627753333333333,-0.9622,-0.03294666666666678,0.17336,-1.073692653589793,1.53192,-0.5147473464102067,0.9775600000000001,-0.17804000000000003,"[[0.9980909104260952, -0.004890346810296556, -0.06141238629972089, 0.04671713362013478, 0.7099078709145746, 0.7027433969000499, 0.040160477476331266, -0.704270764210478, 0.7087810994392788], [0.7024618143446111, 0.1912088442227531, 0.5345536661993158]]","[[0.998730015893942, -0.02036277575052847, -0.04587525431234088, -0.02741078524831522, 0.5443793227072387, -0.8383906955879311, 0.04204550159716122, 0.8385862629285922, 0.5431269764920192], [0.7046254703737491, -0.21207328279857193, 0.5592561850670167]]"
0:00:00.290315,-0.10810666666666659,-2.0812866666666667,-1.4581333333333333,3.6021533333333333,-0.9622,-0.0705466666666668,0.16415999999999997,-1.085692653589793,1.50752,-0.4959473464102067,0.9823600000000001,-0.20324000000000006,"[[0.9965059507428998, -0.011016817976369005, -0.08267662330492824, 0.06464856377742514, 0.728322791899793, 0.6821776699779906, 0.05269984189260166, -0.685138635986153, 0.7264906142148672], [0.701522990997133, 0.19103195744653773, 0.512496280151264]]","[[0.9975953759924737, -0.02130515907062407, -0.06580573672940969, -0.04548848974469817, 0.5146165414386435, -0.8562122714808801, 0.05210645928463117, 0.857150112567632, 0.5124066365486021], [0.705249221907532, -0.21823376951142506, 0.5415075490704416]]"
0:00:00.356621,-0.08690666666666656,-2.075686666666667,-1.4241333333333333,3.576553333333333,-0.9622,-0.10814666666666685,0.15495999999999996,-1.097692653589793,1.48312,-0.47714734641020673,0.9871600000000001,-0.2284400000000001,"[[0.9941037702969461, -0.01790963505529013, -0.1068546121262373, 0.08419320839726166, 0.7484272889941136, 0.6578509573681348, 0.06819103710292074, -0.6629677579348096, 0.7455230511239608], [0.6995069958916906, 0.19125159314468382, 0.4873390402570364]]","[[0.9960621664666168, -0.02242377359308735, -0.08566325504153181, -0.0641455992974957, 0.4841786352829836, -0.8726138122448976, 0.06104361247988733, 0.874676302133168, 0.48082985703377035], [0.7053443216564785, -0.22473406184005154, 0.5238205030583466]]"
0:00:00.420097,-0.06570666666666652,-2.0700866666666666,-1.3901333333333332,3.550953333333333,-0.9622,-0.1457466666666669,0.14575999999999995,-1.109692653589793,1.45872,-0.4583473464102067,0.9919600000000002,-0.2536400000000001,"[[0.9912878274105708, -0.024255711765751302, -0.12938759623108803, 0.10154427519756395, 0.7663751847916874, 0.6343165387161657, 0.08377364384000396, -0.6419276801807535, 0.762162573636809], [0.6967182074621698, 0.1918825088397451, 0.463853600305495]]","[[0.9941334093961226, -0.023721381675179717, -0.10543692147635036, -0.08332052528557733, 0.4531035395618608, -0.8875544654962424, 0.0688278605549868, 0.8911368517169143, 0.44846464338592984], [0.7049129516933093, -0.23157353269513492, 0.5062203709045899]]"
0:00:00.477886,-0.0445066666666665,-2.064486666666667,-1.3561333333333332,3.525353333333333,-0.9622,-0.18334666666666694,0.13655999999999996,-1.121692653589793,1.43432,-0.43954734641020665,0.9967600000000001,-0.2788400000000001,"[[0.9881750960910911, -0.030068559845861237, -0.15028969734561465, 0.11684726867393448, 0.7823523580872002, 0.6117768896320982, 0.09918424909633576, -0.6221021455550471, 0.7766160275089863], [0.6933458517694606, 0.19285593629273015, 0.4420638558487751]]","[[0.991979277285643, -0.025096319709251403, -0.1238071145619184, -0.10162880546846945, 0.4235598517771103, -0.900147910890813, 0.07503012285012853, 0.9055151222920594, 0.417607407624382], [0.7040380684590934, -0.23826213531054807, 0.48989429804628004]]"
0:00:00.541095,-0.024719999999999825,-2.05926,-1.3243999999999998,3.50146,-0.9622,-0.2184400000000003,0.12797333333333327,-1.1328926535897932,1.4115466666666667,-0.42200067974354,1.0012400000000001,-0.30236000000000013,"[[0.9843295892100454, -0.03616947785987924, -0.17253482660965686, 0.1322478543176711, 0.7986549526811627, 0.5870775134737898, 0.11656150665616505, -0.6006933039656706, 0.7909248616526148], [0.6889266065556295, 0.19432411310071998, 0.41890164206082114]]","[[0.9892954203874736, -0.02674741818784908, -0.1433879258957426, -0.12162534236548667, 0.39136532968480786, -0.9121609342425777, 0.08051501285381332, 0.919841379989499, 0.3839176249523133], [0.7025984501039426, -0.24575400156016133, 0.47253380234426023]]"
0:00:00.605155,-0.002106666666666479,-2.0532866666666667,-1.2881333333333331,3.474153333333333,-0.9622,-0.258546666666667,0.11815999999999993,-1.145692653589793,1.38552,-0.40194734641020663,1.0063600000000001,-0.32924000000000014,"[[0.9799655097088246, -0.042129716293836696, -0.19461254912234588, 0.14658106739272092, 0.8141291182775291, 0.5618778756234178, 0.1347679875309195, -0.5791452976392486, 0.8039960314634751], [0.6836950651759077, 0.1962447506077851, 0.39597522336582136]]","[[0.9862265136913598, -0.028584988178944767, -0.16285317015945808, -0.14195189581605933, 0.35865237866368227, -0.9226129708004865, 0.08478055771468405, 0.9330282845282305, 0.3496491971672683], [0.7006440259900717, -0.25358074670534075, 0.4553340855125133]]"
0:00:00.664177,0.017680000000000223,-2.04806,-1.2564,3.4502599999999997,-0.9622,-0.2936400000000004,0.10957333333333326,-1.1568926535897932,1.3627466666666668,-0.38440067974354,1.0108400000000002,-0.35276000000000013,"[[0.9750930131916293, -0.04794018163288883, -0.21651061239363684, 0.1598129192894753, 0.8287919459379844, 0.5362484783778946, 0.1537344023081504, -0.5574908603137226, 0.8158131735626271], [0.6776756249972701, 0.1986295627489238, 0.37333031935594324]]","[[0.9827766841712932, -0.030611353123743055, -0.18219213609837365, -0.16254256705652598, 0.32546385395704513, -0.9314768729834445, 0.0878107222607393, 0.9450537735109895, 0.31487659589257455], [0.6981805341305023, -0.26174003825003156, 0.4383200483465232]]"
0:00:00.739117,0.04312000000000024,-2.04134,-1.2155999999999998,3.4195399999999996,-0.9622,-0.33876000000000045,0.09853333333333325,-1.1712926535897932,1.3334666666666666,-0.36184067974353995,1.0166000000000002,-0.3830000000000001,"[[0.968589895255674, -0.054702668365842165, -0.24253432779123646, 0.174196167721783, 0.8453420630437268, 0.5050255428141577, 0.1773982242291252, -0.5314083406596404, 0.8283216228906005], [0.6694501045335037, 0.20211869821478734, 0.3465909728738465]]","[[0.9781402859903296, -0.03329529243785712, -0.20521722120060565, -0.18750624927717724, 0.2850718334182434, -0.9399843980559109, 0.08979870491694852, 0.9579226917100558, 0.27259059692911], [0.6945617462232604, -0.27196619463084054, 0.41818304531355144]]"
0:00:00.805964,0.06573333333333362,-2.0353666666666665,-1.1793333333333331,3.392233333333333,-0.9622,-0.37886666666666713,0.0887199999999999,-1.184092653589793,1.30744,-0.3417873464102066,1.0217200000000002,-0.4098800000000002,"[[0.9626369059157595, -0.06015307846164596, -0.2639954964840576, 0.18490763627820228, 0.8582853390141962, 0.4786997026136732, 0.19778820342715342, -0.5096256410198307, 0.8373430495046321], [0.6617946519211794, 0.20555969548776767, 0.3247213958579165]]","[[0.973570431998721, -0.035914795073430324, -0.2255036721099323, -0.2098412940253191, 0.24870902723342572, -0.9455712291321604, 0.09004479584963969, 0.9679072048845573, 0.2345923155229762], [0.6907481891079391, -0.28145015739441354, 0.400571894075659]]"
0:00:00.875228,0.08834666666666699,-2.029393333333333,-1.1430666666666665,3.3649266666666664,-0.9622,-0.4189733333333338,0.07890666666666656,-1.1968926535897932,1.2814133333333333,-0.3217340130768732,1.0268400000000002,-0.4367600000000002,"[[0.9553191877632379, -0.06611598381374953, -0.28805546188280756, 0.19562015045915543, 0.872048902636806, 0.44862123749430977, 0.2215374149567625, -0.4849224660647121, 0.8460221310040044], [0.6522807400710069, 0.21005577213885293, 0.30044670326318584]]","[[0.9685846650868464, -0.0387567553464329, -0.2456071880094751, -0.23222770386496944, 0.21197275149557968, -0.9492795154017978, 0.08885302536326846, 0.9765018569047423, 0.1963056821302086], [0.6863836067725316, -0.29130017617735804, 0.38326262066820976]]"
0:00:00.941664,0.11237333333333363,-2.0230466666666667,-1.1045333333333331,3.335913333333333,-0.9622,-0.4615866666666672,0.0684799999999999,-1.2104926535897933,1.25376,-0.3004273464102066,1.03228,-0.4653200000000002,"[[0.9474116331617034, -0.07184041150129253, -0.31182107728016356, 0.2047957311416992, 0.884879499768695, 0.4183827051123345, 0.2458672931807127, -0.46023650025223917, 0.8530615088179303], [0.6419240407649677, 0.2151936375534374, 0.2767717108506765]]","[[0.9628387425805655, -0.04202249397857887, -0.2667526384416513, -0.2559779220747475, 0.17259520369459413, -0.9511462186614095, 0.08600976221435437, 0.9840911622717896, 0.155416571222376], [0.6811552336864473, -0.3021610286628532, 0.36523444407479916]]"
0:00:01.006102,0.13357333333333368,-2.0174466666666664,-1.0705333333333331,3.3103133333333328,-0.9622,-0.4991866666666673,0.05927999999999989,-1.2224926535897933,1.2293599999999998,-0.28162734641020654,1.0370800000000002,-0.4905200000000002,"[[0.9399590286071264, -0.0766847258901029, -0.3325340633629501, 0.21160378270669067, 0.8954506114791676, 0.3916487566397695, 0.2677343528278856, -0.4384952282713514, 0.8579176872671689], [0.632127509044274, 0.2202649908021829, 0.2564255049457692]]","[[0.9573913524866973, -0.045116495307078175, -0.28521513436886026, -0.27682709359648733, 0.1376094643807321, -0.9510113462138092, 0.08215460081221082, 0.989453660948331, 0.11924829767988704], [0.6760479497315265, -0.31207677180064464, 0.34966423578267525]]"
0:00:01.068331,0.15477333333333362,-2.0118466666666666,-1.0365333333333333,3.284713333333333,-0.9622,-0.5367866666666671,0.050079999999999875,-1.2344926535897933,1.2049599999999998,-0.2628273464102065,1.0418800000000001,-0.5157200000000003,"[[0.9326130573072032, -0.08102479017133556, -0.35163970758727703, 0.21686332804320727, 0.9047026190953701, 0.3667148622705823, 0.28841636966395523, -0.4182565772102917, 0.8613130301103089], [0.6224620496058059, 0.22545569471240487, 0.23793000015354776]]","[[0.9515961769346075, -0.04841123156256164, -0.3034839578091943, -0.2975059896730764, 0.10244878883461556, -0.9492027486456381, 0.07704363797279161, 0.993554733431891, 0.08307851296233448], [0.6704890788348159, -0.3222987813521145, 0.3344338080269272]]"
0:00:01.131621,0.177386666666667,-2.005873333333333,-1.0002666666666664,3.2574066666666663,-0.9622,-0.5768933333333339,0.040266666666666534,-1.2472926535897932,1.1789333333333332,-0.24277401307687319,1.0470000000000002,-0.5426000000000002,"[[0.9237704420730386, -0.08576338861291291, -0.3731965321432881, 0.22157870304278748, 0.9145733872416363, 0.3383109092432949, 0.3123009265276986, -0.39520952736869847, 0.863863697051334], [0.6108406108889108, 0.2319297823374682, 0.2174148086834353]]","[[0.9454592950492883, -0.05190803549016492, -0.3215490545930308, -0.31794802892752344, 0.067162503775079, -0.9457213689519385, 0.07068657797634205, 0.9963860516577971, 0.046986251159246706], [0.6644904544089031, -0.33282121508239704, 0.3195654980507233]]"
0:00:01.197058,0.19858666666666705,-2.0002733333333333,-0.9662666666666664,3.231806666666666,-0.9622,-0.6144933333333339,0.031066666666666548,-1.2592926535897933,1.1545333333333332,-0.2239740130768732,1.0518000000000003,-0.5678000000000002,"[[0.9144665741403605, -0.0902583906438268, -0.3944456626127147, 0.22491544605102923, 0.9237199414050287, 0.31008052258427404, 0.3363699554176311, -0.3722704699127726, 0.8650162419052491], [0.598653138874627, 0.23898103133095558, 0.1976031499145238]]","[[0.9385437788508336, -0.055862016689460905, -0.34058274720500886, -0.33941753419792314, 0.0294415290942548, -0.9401695431358107, 0.06254704357041296, 0.9979995197674087, 0.008662128265624347], [0.6576213766922255, -0.34436914240312694, 0.30412968681903413]]"
0:00:01.264267,0.21978666666666705,-1.9946733333333333,-0.9322666666666664,3.206206666666666,-0.9622,-0.652093333333334,0.021866666666666534,-1.2712926535897933,1.1301333333333332,-0.20517401307687316,1.0566000000000002,-0.5930000000000003,"[[0.9053402784217826, -0.0942447943729517, -0.41407752532107817, 0.22679889063470585, 0.9316608307122853, 0.2838403572486718, 0.35902933511627666, -0.35087950246501165, 0.8648496196570352], [0.5867588533392473, 0.24611315684770546, 0.1797032895089964]]","[[0.9317210048974073, -0.059780016878161604, -0.35819546705896577, -0.35916208048616977, -0.005945877941274363, -0.9332504020126366, 0.053659938257616085, 0.9981890633129349, -0.027020446363098305], [0.6507545040134974, -0.35549186274635636, 0.29007831363711006]]"
0:00:01.332343,0.24381333333333374,-1.9883266666666666,-0.893733333333333,3.177193333333333,-0.9622,-0.6947066666666672,0.01143999999999984,-1.2848926535897933,1.10248,-0.1838673464102064,1.0620400000000003,-0.6215600000000003,"[[0.8945429200407858, -0.09848921418902125, -0.4359775204317467, 0.22749116292844587, 0.9399469413629039, 0.2544445303553553, 0.38473569498340954, -0.3267874417889265, 0.8632334519991849], [0.5727865538404134, 0.2548009737479349, 0.16024348257743526]]","[[0.9236001579819618, -0.06446855457237816, -0.3778734121393336, -0.38100847561123813, -0.04601434842289643, -0.9234194193398477, 0.042143916382976654, 0.9968534973658691, -0.06707212822205533], [0.6424903954946655, -0.3684350752289509, 0.27467106141137076]]"
0:00:01.398185,0.26642666666666714,-1.9823533333333332,-0.8574666666666664,3.1498866666666663,-0.9622,-0.7348133333333341,0.0016266666666664986,-1.2976926535897932,1.0764533333333333,-0.1638140130768731,1.0671600000000003,-0.6484400000000003,"[[0.884631203253825, -0.10198721404712412, -0.4549835572592224, 0.2268456192821775, 0.9466526314603826, 0.22887536446114584, 0.4073690209652362, -0.30567599434702003, 0.8605791306826593], [0.5600734179799679, 0.2629935650232779, 0.1438335868745394]]","[[0.9160998778475488, -0.06882523280649107, -0.3949758742832386, -0.3997464388959634, -0.08127928055508593, -0.9130081693199574, 0.030734644909316572, 0.9943073850080668, -0.10198309413432599], [0.6347898631912312, -0.3801445856246621, 0.2615554542485394]]"
0:00:01.466122,0.2890400000000005,-1.9763799999999998,-0.8211999999999996,3.1225799999999992,-0.9622,-0.7749200000000008,-0.008186666666666842,-1.3104926535897934,1.0504266666666666,-0.14376067974353973,1.0722800000000003,-0.6753200000000004,"[[0.8736786047898333, -0.10545750795292619, -0.4749194245546912, 0.22488015904392442, 0.9532045250201917, 0.2020486734894739, 0.4313877949141228, -0.2833200619394772, 0.856515197601178], [0.5461686395582004, 0.2722675236699314, 0.12714580328008693]]","[[0.907229676433434, -0.07401254169430668, -0.4140511885340666, -0.42029199396150074, -0.12107742947986526, -0.8992672146744268, 0.016424798639626342, 0.9898751485629371, -0.14096276063281826], [0.6256195586016149, -0.3937319397441779, 0.2472594153138823]]"
0:00:01.533917,0.3116533333333339,-1.9704066666666664,-0.784933333333333,3.0952733333333327,-0.9622,-0.8150266666666675,-0.01800000000000021,-1.3232926535897933,1.0243999999999998,-0.12370734641020636,1.0774000000000004,-0.7022000000000004,"[[0.8623514826187891, -0.10865331832953044, -0.4944984182043493, 0.2216223364431883, 0.9591608283359813, 0.17574759588565234, 0.4552079529343027, -0.26114243585027735, 0.8512194234942068], [0.5319634420876405, 0.2820823993878882, 0.11132829765333555]]","[[0.899085027268809, -0.07881034706465116, -0.43060080093011166, -0.43774432796902235, -0.15598757859393714, -0.8854567757587428, 0.0026147795305953014, 0.9846051058774525, -0.17475599703952355], [0.6171549131070361, -0.40599024694959956, 0.23516741561871224]]"
0:00:01.598574,0.3328533333333339,-1.9648066666666666,-0.7509333333333329,3.0696733333333324,-0.9622,-0.8526266666666675,-0.027200000000000196,-1.3352926535897933,0.9999999999999998,-0.10490734641020638,1.0822000000000003,-0.7274000000000004,"[[0.8506683230784743, -0.11156987493244366, -0.5137121145089691, 0.21710228411297672, 0.9645460275430823, 0.1500343045384439, 0.47875967075745285, -0.23915169612281284, 0.8447366340276652], [0.517514404961705, 0.29242419244902873, 0.09640671845904106]]","[[0.8900778862092618, -0.0841563632782423, -0.4479521762560564, -0.45559332979480355, -0.19295232464304304, -0.8690162952963721, -0.01330016269584236, 0.9775876006448866, -0.21009506490356122], [0.6077596720193084, -0.41933322965014835, 0.22282979492231553]]"
0:00:01.672967,0.35688000000000053,-1.9584599999999999,-0.7123999999999996,3.0406599999999995,-0.9622,-0.8952400000000008,-0.03824000000000019,-1.3496926535897933,0.9707199999999998,-0.08234734641020636,1.0879600000000003,-0.7576400000000004,"[[0.8378858097955004, -0.11435798513015909, -0.5337175927389443, 0.2109545772953638, 0.9696685421388818, 0.12342351201525892, 0.5034146959132926, -0.21599902690342393, 0.8366018036573705], [0.5019588843168479, 0.3039714960114874, 0.08155961408647346]]","[[0.8801569760066813, -0.09009481013877335, -0.46603518980731884, -0.47361608521118886, -0.23185123447372571, -0.8496571598317435, -0.03150113356693371, 0.9685650934547805, -0.2467474875412335], [0.5973855525775048, -0.4337995513645358, 0.21037766062573843]]"
0:00:01.745068,0.3809066666666673,-1.9521133333333331,-0.6738666666666662,3.0116466666666657,-0.9622,-0.9378533333333342,-0.04805333333333359,-1.3624926535897934,0.944693333333333,-0.06229401307687299,1.0930800000000003,-0.7845200000000004,"[[0.8255277200643152, -0.1166857174993792, -0.552153544573256, 0.20394175617787239, 0.9739497363154229, 0.0991036505990111, 0.5262058185657955, -0.19441389987028485, 0.8278256698442845], [0.4871871437109517, 0.31534631494153853, 0.06855447240931223]]","[[0.870499875530438, -0.09592683895855209, -0.4827113660922905, -0.48962338395431876, -0.268043349789516, -0.8297020849589721, -0.04979687326141666, 0.9586142155220916, -0.28031160743010497], [0.5872753945572875, -0.4476740806693059, 0.19929664155290094]]"
0:00:01.811428,0.40352000000000054,-1.9461399999999998,-0.6375999999999996,2.984339999999999,-0.9622,-0.9779600000000009,-0.05786666666666687,-1.3752926535897934,0.9186666666666664,-0.04224067974353962,1.0982000000000003,-0.8114000000000005,"[[0.8120711424899479, -0.11884040427796552, -0.5713167297785884, 0.19523346235951955, 0.9779496806797388, 0.07409285649221785, 0.5499137884343185, -0.17170262190615165, 0.8173725300570868], [0.47141792410583794, 0.3279468116075948, 0.055784671388553045]]","[[0.8599110194082744, -0.10238096923917264, -0.5000535095702746, -0.5055446794613155, -0.30598321322068883, -0.806710651210645, -0.07041616127408529, 0.9465108664800367, -0.31488858790014596], [0.5761903117449425, -0.4626761263570111, 0.1882227918895032]]"
0:00:01.874553,0.42472000000000065,-1.9405399999999997,-0.6035999999999995,2.9587399999999993,-0.9622,-1.0155600000000011,-0.06768000000000021,-1.3880926535897933,0.8926399999999998,-0.022187346410206366,1.1033200000000003,-0.8382800000000005,"[[0.7999367648505548, -0.12046657451925998, -0.5878559416782063, 0.18651468468438195, 0.9810289698352261, 0.05277785630802973, 0.5703457413161894, -0.15185642814062972, 0.8072362106082446], [0.4574936722087355, 0.3394838377712833, 0.045426795412368826]]","[[0.8502968340380163, -0.10829558702085032, -0.5150240444014441, -0.5186073730970113, -0.3389630978397524, -0.7849414871771503, -0.08956844642140296, 0.934540793189194, -0.3443944038402815], [0.5661367598792075, -0.4761231233452786, 0.1790668204502363]]"
0:00:01.939226,0.44592000000000065,-1.9349399999999999,-0.5695999999999994,2.933139999999999,-0.9622,-1.053160000000001,-0.07688000000000025,-1.4000926535897933,0.8682399999999997,-0.0033873464102063267,1.1081200000000004,-0.8634800000000005,"[[0.7875744863005506, -0.12183307360146112, -0.6040438756007608, 0.17686507325511952, 0.983703324781125, 0.032206090214765386, 0.5902762017825933, -0.1321925905313222, 0.7962940249068127], [0.4436083105915536, 0.3513921345925241, 0.035930843680564435]]","[[0.8404376274959336, -0.11441551522190088, -0.5296755213085478, -0.5306974341755964, -0.3714263759421851, -0.761830008777358, -0.10957028633915489, 0.9213804573198638, -0.3728931346281513], [0.5558472257783179, -0.4897546160298451, 0.17050156520978418]]"
0:00:02.003556,0.46853333333333413,-1.9289666666666665,-0.5333333333333328,2.9058333333333324,-0.9622,-1.093266666666668,-0.08608000000000024,-1.4120926535897933,0.8438399999999997,0.015412653589793712,1.1129200000000004,-0.8886800000000005,"[[0.774154982211495, -0.12300295838085427, -0.6209190470939027, 0.16559078847310701, 0.9861269863926393, 0.011118215539246428, 0.6109374553012561, -0.11141924850639373, 0.783789724504744], [0.4288917568098251, 0.3644785185164912, 0.026759015011555816]]","[[0.8296610963799435, -0.12116872142593788, -0.5449432523853969, -0.5424718435366557, -0.4054300890513691, -0.7357530891937447, -0.13178613023976432, 0.9060546307148383, -0.4021127372037435], [0.5446330986413441, -0.5044844848285245, 0.16203054658283914]]"
0:00:02.067575,0.4911466666666674,-1.922993333333333,-0.4970666666666661,2.878526666666666,-0.9622,-1.1333733333333347,-0.09589333333333364,-1.4248926535897934,0.817813333333333,0.03546598692312719,1.1180400000000004,-0.9155600000000006,"[[0.761372738630676, -0.1238290257137684, -0.6363680439162702, 0.15414456310103922, 0.9880123203606216, -0.007819357095160864, 0.6297077310438661, -0.09213271517978283, 0.7713397308169715], [0.4152311966715889, 0.377082118003225, 0.01906201030848642]]","[[0.8186268943146565, -0.12815319108662498, -0.5598297728456856, -0.5530393085877935, -0.4387335469687754, -0.7082668385694229, -0.1548494464358045, 0.8894268066448819, -0.4300454869178638], [0.5331956316662202, -0.5193950851248819, 0.15426006134905948]]"
0:00:02.127900,0.510933333333334,-1.9177666666666664,-0.46533333333333293,2.8546333333333322,-0.9622,-1.1684666666666679,-0.10448000000000027,-1.4360926535897933,0.7950399999999996,0.05301265358979379,1.1225200000000004,-0.9390800000000005,"[[0.7492813375743556, -0.12436321009200144, -0.6504597193526918, 0.14273433469897354, 0.9894464900951416, -0.02474465328986137, 0.6466724107775326, -0.07429566080207722, 0.7591312571836188], [0.40264013268415605, 0.38911535123485624, 0.012666861795180201]]","[[0.8087693793179622, -0.13445310573495772, -0.5725356878952153, -0.5612589713873024, -0.46725528465412786, -0.6831120939041204, -0.17567378323160646, 0.8738336634171372, -0.4533775063325053], [0.5230233103692578, -0.5325776972963759, 0.14804574617801644]]"
0:00:02.190355,0.532133333333334,-1.9121666666666663,-0.4313333333333329,2.8290333333333324,-0.9622,-1.206066666666668,-0.11368000000000025,-1.4480926535897933,0.7706399999999997,0.07181265358979383,1.1273200000000003,-0.9642800000000005,"[[0.736168730856031, -0.12468172684127486, -0.665204382197775, 0.12977119262194234, 0.9906464089238014, -0.04205448120454995, 0.6642257577625991, -0.055358553794820686, 0.7454696241400397], [0.38936061536720623, 0.40227214238699727, 0.006659430903740687]]","[[0.7980069675313034, -0.14139685488957085, -0.5858109961937463, -0.5689676782227048, -0.4971294458706609, -0.655071869657448, -0.19859879382654308, 0.8560722244505233, -0.47717578765271135], [0.5119730815768294, -0.5468296575417292, 0.14200271590210367]]"
0:00:02.249488,0.5519200000000007,-1.9069399999999996,-0.3995999999999995,2.805139999999999,-0.9622,-1.2411600000000014,-0.12165333333333359,-1.4584926535897935,0.749493333333333,0.0881059869231271,1.1314800000000005,-0.9861200000000004,"[[0.7229089698631989, -0.12473795673596899, -0.6795808174800156, 0.11608808932166395, 0.9915096164085894, -0.05849277201397618, 0.6811071845230924, -0.03659962730174998, 0.7312584482488489], [0.3763403073417192, 0.41567484306974134, 0.0015229105212401922]]","[[0.7885186796516948, -0.14757575293182817, -0.5970280112668676, -0.5747048418911634, -0.522413795806136, -0.6299040414718768, -0.21893710637349892, 0.8398188096833917, -0.49675835403154023], [0.5022846265471469, -0.5592778572052869, 0.1372868421042142]]"
0:00:02.311775,0.5731200000000007,-1.9013399999999998,-0.3655999999999995,2.779539999999999,-0.9622,-1.2787600000000012,-0.13085333333333363,-1.4704926535897935,0.725093333333333,0.10690598692312714,1.1362800000000004,-1.0113200000000004,"[[0.7095181952934149, -0.12453259208849432, -0.693586910797416, 0.10173005343626944, 0.9920470975001898, -0.0740435976576328, 0.6972917228645621, -0.01801665477189507, 0.7165508724552724], [0.36361984973239664, 0.42929438053715324, -0.0027476591216735596]]","[[0.7773935954810072, -0.15488940607087492, -0.6096320797963704, -0.5802088696183046, -0.5508495416229385, -0.5999194055882373, -0.24289439129251486, 0.820100277027639, -0.5181079463604161], [0.4909947258067237, -0.5737399493070269, 0.13245413844805223]]"
0:00:02.371850,0.5929066666666674,-1.896113333333333,-0.3338666666666661,2.755646666666666,-0.9622,-1.3138533333333346,-0.1400533333333336,-1.4824926535897935,0.700693333333333,0.12570598692312718,1.1410800000000005,-1.0365200000000006,"[[0.6969161297655062, -0.12410586038396627, -0.706323634661262, 0.08776041884404837, 0.9922638046465125, -0.08774575180105071, 0.7117491390630446, -0.0008290999836427504, 0.7024229610140691], [0.35205252370719914, 0.442174930978501, -0.005958499931757913]]","[[0.7660880749621419, -0.1623984957175321, -0.6218670553642464, -0.5844914152239777, -0.5784538684203211, -0.5689830652130372, -0.26731940993925474, 0.7993799226264372, -0.5380799633450197], [0.4796051732111961, -0.5882941148037193, 0.12828025670537507]]"
0:00:02.430433,0.6126933333333341,-1.8908866666666664,-0.3021333333333327,2.7317533333333324,-0.9622,-1.348946666666668,-0.14925333333333365,-1.4944926535897936,0.676293333333333,0.14450598692312722,1.1458800000000005,-1.0617200000000004,"[[0.6842269768803999, -0.12345340055503787, -0.7187352252476783, 0.07327970254255797, 0.9922131419808158, -0.1006558936209307, 0.7255648484486985, 0.016209527197125817, 0.6879523799417666], [0.3408111003381938, 0.45519262186702375, -0.008428649474834488]]","[[0.755382110667683, -0.16958142685396638, -0.6329477747829599, -0.587364974215376, -0.6034318499148961, -0.5393081206563869, -0.2904842060219571, 0.7791678587919675, -0.555440613739557], [0.4689027561278934, -0.6019480975601359, 0.12498435643331904]]"
0:00:02.491457,0.6353066666666675,-1.884913333333333,-0.26586666666666603,2.7044466666666658,-0.9622,-1.3890533333333346,-0.15784000000000034,-1.5056926535897934,0.6535199999999995,0.16205265358979393,1.1503600000000005,-1.0852400000000006,"[[0.6705495317912027, -0.12250555840098114, -0.7316717369286941, 0.05723988409162532, 0.9918700196086868, -0.11360315639484155, 0.7396402781648496, 0.03430251247834776, 0.6721169557724886], [0.32916157710369165, 0.46926258100555684, -0.010263583479742294]]","[[0.7445355571523282, -0.17693087167255633, -0.6436964969298726, -0.5891360751824309, -0.6276181450558246, -0.5089156158354858, -0.31395271786451073, 0.7581433509870511, -0.5715331362213377], [0.4581473962493175, -0.6156572734320508, 0.1222717192645177]]"
0:00:02.553840,0.6550933333333342,-1.8796866666666663,-0.23413333333333264,2.6805533333333322,-0.9622,-1.424146666666668,-0.16704000000000033,-1.5176926535897934,0.6291199999999996,0.18085265358979385,1.1551600000000004,-1.1104400000000005,"[[0.6568028096763144, -0.12130254016155363, -0.7442336779052627, 0.04070199583665821, 0.9912356598116472, -0.12563128496093437, 0.7529503547619935, 0.052229976719531085, 0.6559904137338215], [0.3179539236069144, 0.48342685590798884, -0.01127165633671516]]","[[0.732767464793046, -0.18498776673692124, -0.654839144973714, -0.589793456577526, -0.6526185503747778, -0.47561941374089906, -0.33937640035675143, 0.7347509536328687, -0.5873348938066414], [0.44658358178968144, -0.6303928179314302, 0.12001635773443037]]"
0:00:02.611821,0.6748800000000009,-1.8744599999999996,-0.20239999999999925,2.6566599999999987,-0.9622,-1.4592400000000014,-0.17562666666666696,-1.5288926535897935,0.6063466666666664,0.19839932025646057,1.1596400000000004,-1.1339600000000005,"[[0.6448450811582215, -0.12005552277926952, -0.754817628948421, 0.026001507878418158, 0.9904557198152178, -0.135311572185009, 0.7638583395460806, 0.06763540888850161, 0.6418189273163458], [0.3086230011604312, 0.4957526981248623, -0.011488008694354054]]","[[0.7208573702977936, -0.1932308514364546, -0.6655895503142855, -0.5891530425181019, -0.6766385050546262, -0.44163375731283677, -0.3650262513559992, 0.7105016407655812, -0.6016149806264582], [0.4349977119107877, -0.6451619502019671, 0.1184375468840456]]"
0:00:02.677978,0.6974933333333342,-1.8684866666666664,-0.16613333333333258,2.6293533333333325,-0.9622,-1.4993466666666682,-0.18544000000000035,-1.5416926535897935,0.5803199999999995,0.21845265358979393,1.1647600000000005,-1.1608400000000005,"[[0.6300875922735929, -0.1182631733072217, -0.7674580061973604, 0.007485500784559881, 0.9892087459744522, -0.14627938387718353, 0.7764756360252851, 0.08643083203902531, 0.6241802308436915], [0.2976567067655414, 0.5109520659017808, -0.010933286257161251]]","[[0.7080081793987966, -0.20222550765493338, -0.6766182381320084, -0.5870260458114247, -0.7011401573872809, -0.40470305652262906, -0.39256293692018923, 0.6837380593126607, -0.6151370626684578], [0.4226375315418604, -0.6609349474302403, 0.11750159013550342]]"
0:00:02.746466,0.7215200000000009,-1.8621399999999997,-0.12759999999999927,2.6003399999999988,-0.9622,-1.5419600000000016,-0.1952533333333337,-1.5544926535897936,0.5542933333333329,0.2385059869231273,1.1698800000000005,-1.1877200000000006,"[[0.614378652667485, -0.1160516757526267, -0.7804225822330786, -0.012642453583468771, 0.9875439147129617, -0.1567948448193151, 0.788897876479507, 0.10620468477617293, 0.6052655448468388], [0.2866669284136251, 0.5270918054854834, -0.009374922756326454]]","[[0.6958368250908177, -0.2108442211929849, -0.6865411985709782, -0.583669226979105, -0.7230261844403041, -0.3695204845714688, -0.41847600447952166, 0.6578512453459513, -0.6261838421316792], [0.41106888725883856, -0.6757232923447396, 0.11732664897183676]]"
0:00:02.809883,0.7427200000000009,-1.8565399999999996,-0.09359999999999924,2.574739999999999,-0.9622,-1.5795600000000016,-0.20445333333333368,-1.5664926535897936,0.5298933333333329,0.25730598692312734,1.1746800000000004,-1.2129200000000004,"[[0.5995857707313662, -0.11368598171357451, -0.7921875350684199, -0.031958312784448384, 0.9856634004254097, -0.16563090331487437, 0.7996601714356198, 0.12463373790286085, 0.5873633655151808], [0.2769793899171943, 0.5422275989653693, -0.007022225092581727]]","[[0.6827322807439127, -0.22023247431006546, -0.6966758837532655, -0.5786289380525649, -0.7451791989439067, -0.331479976483733, -0.4461457215735415, 0.6294410446742285, -0.6362029143181841], [0.3987717566676152, -0.6914801167754231, 0.11788947134324375]]"
0:00:02.880309,0.7653333333333343,-1.8505666666666662,-0.05733333333333257,2.5474333333333323,-0.9622,-1.6196666666666684,-0.21488000000000038,-1.5800926535897934,0.5022399999999996,0.27861265358979403,1.1801200000000005,-1.2414800000000006,"[[0.5848036621907928, -0.1110497364419758, -0.8035306306230097, -0.051581616347947945, 0.9834841104998922, -0.1734515890772568, 0.8095213607701591, 0.14288936430120935, 0.5694238157094967], [0.2679564049394503, 0.5572658584339174, -0.003837715793421015]]","[[0.6695143032828131, -0.22981795629674828, -0.7063407834062966, -0.5720796618766114, -0.7660674095455805, -0.2929992332394841, -0.47376816922084486, 0.6002623101575759, -0.6443792028131058], [0.3865416586527811, -0.707199500917373, 0.11922471668174627]]"
0:00:02.947363,0.7893600000000011,-1.8442199999999995,-0.01879999999999904,2.518419999999999,-0.9622,-1.6622800000000018,-0.22469333333333372,-1.5928926535897936,0.47621333333333293,0.2986659869231273,1.1852400000000005,-1.2683600000000006,"[[0.5691294347446201, -0.10795842218112686, -0.8151230931765351, -0.07271147091079978, 0.9808463021361672, -0.1806669143385967, 0.8190149867403265, 0.16209849063445514, 0.5503855185537568], [0.25912536977665535, 0.5730878715149027, 0.0004250351087867754]]","[[0.6553599747602737, -0.24021379020238762, -0.7160891216913033, -0.5634698047181427, -0.7868390267386357, -0.2517333731428853, -0.502977039886625, 0.5684822697302001, -0.65102771726055], [0.37364638796295346, -0.7238378645727596, 0.12148696570476342]]"
0:00:03.012111,0.8119733333333344,-1.8382466666666664,0.017466666666667408,2.491113333333332,-0.9622,-1.7023866666666683,-0.23450666666666706,-1.6056926535897935,0.4501866666666663,0.31871932025646066,1.1903600000000005,-1.2952400000000006,"[[0.5553428360637351, -0.10498797262452823, -0.8249611951608323, -0.09154890864205069, 0.9782467159481147, -0.18611554883352657, 0.8265554740966494, 0.1788890671363673, 0.5336576046129262], [0.2520002177642127, 0.5868734429963883, 0.004909854791539631]]","[[0.6427883696767676, -0.24956306920102947, -0.7242405450578119, -0.5544657433217167, -0.8039222603819143, -0.21508343473400945, -0.5285562139365871, 0.5398311622659401, -0.6551375115175321], [0.36237430659640674, -0.7384454804663363, 0.12420127208661774]]"
0:00:03.075281,0.831760000000001,-1.8330199999999996,0.04920000000000102,2.4672199999999984,-0.9622,-1.737480000000002,-0.24309333333333374,-1.6168926535897936,0.42741333333333276,0.33626598692312737,1.1948400000000006,-1.3187600000000006,"[[0.5416118977379789, -0.10179536460852827, -0.8344360262405229, -0.11052666229195339, 0.9753949431721839, -0.19072306209595608, 0.8333194040410109, 0.19553214205942887, 0.5170412379072554], [0.24551602909819104, 0.6004569006814157, 0.010045259168711865]]","[[0.6301503007591552, -0.2590736912211942, -0.7319661095675103, -0.5441512344156894, -0.8198153473557791, -0.17828908307954247, -0.5538870395098873, 0.5106603849496737, -0.6575933601392728], [0.3512207856455306, -0.75296685306514, 0.12758455336817787]]"
