1.000000	9 0.999967420214 0.00587369847614 0.00553698261319 -0.0064447307418 0.167912910878 0.985780766604 0.00486044811854 -0.98578433444 0.167945294717
1.020000	9 0.999967225994 0.00588397550842 0.00556109436329 -0.00647020087422 0.167907730924 0.985781482072 0.00486656336117 -0.985785155461 0.167940298419
1.040000	9 0.999967128338 0.0057500709623 0.00571654862194 -0.00660161983971 0.168045645295 0.985757109897 0.00470753223147 -0.985762444903 0.168078081138
1.060000	9 0.999964639977 0.00564327672598 0.00623475936671 -0.00709478588019 0.168104576127 0.985743635789 0.00451473253704 -0.985753014154 0.168138669785
1.080000	9 0.99996134784 0.00567660498166 0.00671408837471 -0.00757258298273 0.168034183941 0.985752082937 0.00446752882373 -0.985764824481 0.168070675619
1.100000	9 0.99995458347 0.00571577234118 0.00762633223337 -0.00847799425393 0.167931697525 0.985762176481 0.00435368926547 -0.985782062584 0.167972528935
1.120000	9 0.999943251314 0.00547255976845 0.00914030860858 -0.00992984634317 0.16798788498 0.985739046935 0.00385905473922 -0.985773869399 0.168032693566
1.140000	9 0.999919924266 0.00574971906742 0.0112732332193 -0.0120793321276 0.168062615067 0.98570231163 0.00377290232088 -0.985759553922 0.168118610095
1.160000	9 0.999900918131 0.00553985149655 0.0129407869229 -0.0136884946836 0.168244201057 0.985650300017 0.00328314393274 -0.985729779836 0.168303363334
1.180000	9 0.999872488282 0.00584568763917 0.0148605219436 -0.0156312447022 0.167912028479 0.98567804829 0.00326670559927 -0.985784651244 0.167981993102
1.200000	9 0.999839226933 0.00576707168706 0.0169782558303 -0.0177054905784 0.167837181373 0.985655718876 0.00283476458633 -0.985797860331 0.167912306508
1.220000	9 0.999801809239 0.00590339487889 0.0190129474775 -0.0197341372648 0.167810597078 0.985621716144 0.0026279401232 -0.985801579141 0.167893836973
1.240000	9 0.999755517074 0.00585394152813 0.0213222289762 -0.0220023224467 0.167793467239 0.985576607961 0.00219177710532 -0.985804789865 0.16788124491
1.260000	9 0.999699232183 0.00591275628013 0.0238009345489 -0.0244556057876 0.167718442421 0.985531555769 0.00183535222493 -0.985817205868 0.167812598148
1.280000	9 0.999641077248 0.00578591837102 0.026157978274 -0.02675818885 0.167892283734 0.985442124324 0.0013099649804 -0.985788366847 0.16798684407
1.300000	9 0.999579593189 0.00591157056936 0.0283846827178 -0.0289744104648 0.167928792424 0.98537323092 0.00105849789961 -0.98578140275 0.168029478288
1.320000	9 0.999511771631 0.00568393855309 0.0307231380731 -0.0312413938419 0.167960827721 0.985298500792 0.000440092434001 -0.985777283768 0.168056398643
1.340000	9 0.999444590486 0.0058505940979 0.0328067233534 -0.0333233352806 0.167880312187 0.985244008409 0.000256659822167 -0.985790023955 0.167982031174
1.360000	9 0.999372349442 0.00563357449851 0.0349738474968 -0.0354232108469 0.167880902454 0.98517064447 -0.00032140886068 -0.985791187539 0.167975091209
1.380000	9 0.999277065588 0.0057681898879 0.0375775754205 -0.0380125781682 0.167831870208 0.985082487533 -0.000624571917386 -0.985798758027 0.167929802543
1.400000	9 0.999196435953 0.00566895299336 0.0396780210034 -0.0400662927951 0.168040011977 0.984965606789 -0.0010837713997 -0.985763875046 0.168132114996
1.420000	9 0.999093827645 0.00575960399751 0.0421704935072 -0.0425385256907 0.168025552102 0.984864400653 -0.00141329151498 -0.985765814381 0.168118297055
1.440000	9 0.999020607949 0.00580408675096 0.0438649914025 -0.0442167126159 0.167818950129 0.984825711638 -0.00164536293968 -0.985800746883 0.167911227219
1.460000	9 0.998905927087 0.00609330382943 0.0463661566053 -0.0467310842133 0.167716299665 0.98472709346 -0.001776118846 -0.98581647099 0.167817552499
1.480000	9 0.998788236106 0.00595316374573 0.0488530373353 -0.0491589823165 0.167785284546 0.984597122049 -0.00233535287912 -0.985805588405 0.167874619868
1.500000	9 0.998682483874 0.00595328981692 0.0509691548212 -0.0512449747657 0.167813652714 0.984485921953 -0.00269239003224 -0.985800758928 0.167897631707
1.520000	9 0.998556154633 0.00579055527163 0.0534048266951 -0.0536181202182 0.167988459228 0.984329708355 -0.0032715789701 -0.985771954884 0.168056388558
1.540000	9 0.998426675703 0.0059008669804 0.0557615729115 -0.0559601527282 0.167897564904 0.984214849007 -0.00355451140293 -0.985786786008 0.167963621003
1.560000	9 0.998319760925 0.00586528949513 0.057647665406 -0.0578133290973 0.167920774077 0.984103771262 -0.00390818708701 -0.985783045103 0.167977718943
1.580000	9 0.99817251551 0.00583404058262 0.0601464317316 -0.0602713645681 0.167897457988 0.983960266583 -0.00435796886785 -0.985787201972 0.167942253575
1.600000	9 0.998018187596 0.00574226259058 0.0626635751299 -0.0627369291686 0.167963044157 0.983794944852 -0.00487595592797 -0.985776568101 0.167990424834
1.620000	9 0.997889798469 0.00563623933068 0.0646852604348 -0.0647112441486 0.168101404124 0.983643417511 -0.0053296333881 -0.985753595346 0.168111404343
1.640000	9 0.997737752163 0.00575048327151 0.0669799212564 -0.0669926876529 0.168041421182 0.983500920471 -0.0055997955679 -0.985763162585 0.16804651017
1.660000	9 0.997585127543 0.0058091100743 0.0692110363029 -0.0692026000788 0.167910594921 0.983370241697 -0.0059087603029 -0.985785111651 0.167907117771
1.680000	9 0.997443406195 0.00590876084822 0.0712161356928 -0.0711960056299 0.167886733864 0.98323200384 -0.00614656165084 -0.985788583388 0.167878195851
1.700000	9 0.997269654832 0.00589539331082 0.0736103246094 -0.0735543714146 0.167806251492 0.983072131843 -0.0065566757737 -0.985802366754 0.167781714453
1.720000	9 0.997121255326 0.00595178712336 0.0755895390037 -0.0755154293319 0.167725217338 0.982937267277 -0.00682803848744 -0.985815818345 0.167691831022
1.740000	9 0.99694240295 0.00587207913397 0.0779189571768 -0.0777975507726 0.167832396707 0.982740976916 -0.00730659254724 -0.985798055031 0.16777606624
1.760000	9 0.996738430192 0.00605422657326 0.0804726544795 -0.0803453112448 0.167847083372 0.982533453662 -0.00755862020129 -0.985794452685 0.167786067111
1.780000	9 0.996581143087 0.00595860983407 0.0824046128037 -0.0822338303565 0.167830215015 0.982380077197 -0.00797636429634 -0.985797907229 0.167746426835
1.800000	9 0.996362786277 0.00590388413625 0.0850078953618 -0.084789628862 0.167970520359 0.982138800337 -0.00848038673565 -0.985774339513 0.167860163822
1.820000	9 0.996157850877 0.00568093031868 0.0873914364634 -0.0871013729786 0.168008492625 0.981929985911 -0.00910422768075 -0.985769178579 0.167857795773
1.840000	9 0.995928907743 0.00573046997665 0.0899598378992 -0.0896405462875 0.168097303094 0.981686237631 -0.00949648262642 -0.985753751404 0.167926645925
1.860000	9 0.995761091207 0.00559995954592 0.0918068063425 -0.0914390041216 0.168115540088 0.981517230468 -0.00993769404774 -0.985751391393 0.16791496837
1.880000	9 0.995532291193 0.00590372825534 0.0942369523334 -0.0938871412677 0.167943257805 0.981315579649 -0.0100330402655 -0.985778985448 0.167747220401
1.900000	9 0.99535257693 0.00582688657907 0.0961212515116 -0.0957320668847 0.167903123467 0.981144185377 -0.0104220424744 -0.985786279334 0.167680626513
1.920000	9 0.99510588122 0.00593916161409 0.0986357517347 -0.098230192301 0.16783888051 0.980908221757 -0.0107291416918 -0.985796549268 0.16760086208
1.940000	9 0.994872067752 0.00584329028359 0.100972396059 -0.100516003055 0.167964366457 0.980655140572 -0.0112295118793 -0.985775749123 0.16769040075
1.960000	9 0.994663910525 0.0059013020659 0.102999416177 -0.102523852344 0.167958237825 0.980448310747 -0.0115136787964 -0.985776447771 0.167667021862
1.980000	9 0.994431901209 0.00571737600348 0.105225973359 -0.104688789957 0.167873741299 0.980233984434 -0.0120603115693 -0.985791924594 0.167537548899
2.000000	9 0.99415450825 0.00591137517279 0.107804774338 -0.107263599203 0.16784693715 0.979960165504 -0.01230178899 -0.985795344548 0.167499864641
2.020000	9 0.99390817246 0.00579436956946 0.110058938751 -0.10946648627 0.167808210886 0.979723171484 -0.0127919154725 -0.985802632194 0.167420241482
2.040000	9 0.993662435946 0.00590795032769 0.112249986694 -0.111643479544 0.167943612259 0.979454274878 -0.0130651010372 -0.985778899766 0.16753884299
2.060000	9 0.993392627766 0.00563280480968 0.114627041353 -0.113938497979 0.168084451603 0.97916578566 -0.0137515736377 -0.985756505755 0.167615648384
2.080000	9 0.993157730897 0.00570526834674 0.116641208294 -0.115936388013 0.16805438473 0.978936401258 -0.0140169716304 -0.985761215349 0.16756595961
2.100000	9 0.992894498275 0.0057133801379 0.11886072767 -0.118127461301 0.167918649508 0.978697721482 -0.0143672607469 -0.985784299142 0.167400410345
2.120000	9 0.992595781088 0.00598370713394 0.121316984035 -0.120595889663 0.167779231597 0.978420543959 -0.0144998883722 -0.985806433684 0.167258567923
2.140000	9 0.992364398583 0.00584724216172 0.1232019082 -0.122430508703 0.167816598149 0.978186260343 -0.0149556331761 -0.985800892242 0.167251098327
2.160000	9 0.992033319163 0.00595891692741 0.12583475267 -0.125042461141 0.167941916595 0.977834288396 -0.0153060962444 -0.985778881879 0.167349094585
2.180000	9 0.991738705186 0.00581282018132 0.128142700756 -0.12729283393 0.167948050907 0.977542831096 -0.0158390361332 -0.985778709102 0.167300512899
2.200000	9 0.991405332395 0.00595362451468 0.130690555332 -0.129828621102 0.167895708723 0.977218276607 -0.0161243927231 -0.985786784932 0.167225651776
2.220000	9 0.991149495902 0.00570466375761 0.132627800947 -0.131694008895 0.168044264103 0.976943096256 -0.0167142093353 -0.985762944177 0.167308257695
2.240000	9 0.990803749851 0.00594917715036 0.135175946725 -0.134246414643 0.168050790535 0.976594507437 -0.0169064909796 -0.985760386246 0.16730400913
2.260000	9 0.990489107918 0.00585564416987 0.137466499653 -0.136488609186 0.168043082563 0.976284990136 -0.0173835168401 -0.985762260301 0.167244071668
2.280000	9 0.990275271853 0.00590215707533 0.138996584485 -0.138006304991 0.167943478363 0.976088749991 -0.017582540757 -0.985778957281 0.167124808581
2.300000	9 0.989902352517 0.00589028496349 0.141628517696 -0.140601057833 0.167806170003 0.975741990408 -0.0180187407434 -0.985802411162 0.166939902749
2.320000	9 0.989608273277 0.00601389227957 0.143663838739 -0.142627760045 0.167813249305 0.975446582557 -0.0182424649144 -0.985800459757 0.166927127862
2.340000	9 0.989263813753 0.00598143465076 0.146018249677 -0.144942733271 0.167830477306 0.975102320251 -0.0186738017323 -0.985797724346 0.166895583531
2.360000	9 0.988907873715 0.006006357261 0.148408695758 -0.147304162724 0.167776235742 0.974757722906 -0.019044709199 -0.985806805816 0.166800001975
2.380000	9 0.988544120891 0.00585509275485 0.150818562986 -0.149652113303 0.16788745229 0.974380853849 -0.01961545402 -0.985788781257 0.166840380937
2.400000	9 0.988242159539 0.00579754225904 0.152786853536 -0.151582851463 0.167875222788 0.974084466931 -0.0200018312155 -0.985791204098 0.166780180688
2.420000	9 0.98784819207 0.00578593576794 0.155314108732 -0.154069566487 0.167990740623 0.973674319137 -0.0204577150857 -0.985771593226 0.166840786025
2.440000	9 0.987467493322 0.00573693209061 0.157718221025 -0.156429682196 0.168053269466 0.973287138079 -0.0209213804819 -0.985761221712 0.166844567208
2.460000	9 0.987136862069 0.00581986328981 0.159771539195 -0.158468734942 0.167988526157 0.972968403971 -0.0211772422947 -0.985771770884 0.166749932947
2.480000	9 0.98675768706 0.00571971125932 0.162100437791 -0.16074744171 0.16799170381 0.972593978716 -0.0216685720019 -0.985771815561 0.166686534049
2.500000	9 0.986367762503 0.00583645216038 0.164452342403 -0.163085197762 0.167984459327 0.972205965676 -0.0219512042148 -0.985772365839 0.166646294236
2.520000	9 0.98599315178 0.00591633273361 0.166680837679 -0.165298467243 0.167830815785 0.971858649187 -0.0222243418248 -0.985798059584 0.166457995754
2.540000	9 0.985649154273 0.00600845355812 0.168699861193 -0.167304460584 0.167805083643 0.971519774051 -0.0224713628748 -0.985801882931 0.166402179857
2.560000	9 0.985268546444 0.00587306578643 0.170913423949 -0.169466774372 0.167676199421 0.971167186705 -0.0229543845806 -0.985824629052 0.166201374791
2.580000	9 0.984813116717 0.00592197284756 0.173516729395 -0.17203519193 0.167918770665 0.970673569845 -0.0233884133654 -0.985783047478 0.16638739563
2.600000	9 0.984482527647 0.00575955428605 0.175388084806 -0.173852723078 0.167916428501 0.970350093378 -0.0238617567629 -0.98578440877 0.16631210416
2.620000	9 0.98401452601 0.00582538992453 0.177992913998 -0.176428791216 0.168010290776 0.969868766289 -0.0242547774976 -0.985768029014 0.166352333145
2.640000	9 0.983679330096 0.00556700359143 0.179844332721 -0.178210466813 0.16801692638 0.969541820639 -0.0248194492132 -0.985768391115 0.166266875895
2.660000	9 0.983206947225 0.0056565759715 0.182406420054 -0.180747792098 0.168127419433 0.969052839883 -0.0251859996825 -0.985749042091 0.166326460424
2.680000	9 0.982776973804 0.00554808565018 0.184712312817 -0.183002169712 0.168138265675 0.968627755898 -0.0256831781729 -0.985747808702 0.166257727632
2.700000	9 0.982395654827 0.00589633649848 0.186719068636 -0.18504284688 0.167948870242 0.968272855038 -0.0256499940544 -0.985778073504 0.166083315251
2.720000	9 0.981975690073 0.00586107849365 0.188916362089 -0.18720647621 0.167805816444 0.967881678323 -0.0260284338907 -0.985802645425 0.165878464253
2.740000	9 0.981514257233 0.00607948027682 0.191292453507 -0.189587394227 0.16770350859 0.967435865139 -0.0261989083586 -0.985818732388 0.165755977493
2.760000	9 0.981061329413 0.00597387100146 0.193605218929 -0.191848479871 0.167740762795 0.966983555842 -0.026698852081 -0.985813039761 0.165710053815
2.780000	9 0.980657390353 0.00598907130759 0.195640521804 -0.193856031172 0.167779467727 0.966576375351 -0.0270355677778 -0.985806360922 0.16569519257
2.800000	9 0.980199083813 0.00589199070589 0.197926856535 -0.196095540618 0.167704840816 0.966137477441 -0.0275008189306 -0.98581964416 0.165539524422
2.820000	9 0.979682341542 0.00583096167416 0.200470719951 -0.198585817966 0.167950920375 0.965585916036 -0.0280389474545 -0.985778113082 0.165696497231
2.840000	9 0.979243623533 0.00587431774325 0.202601624279 -0.20069133043 0.16801725333 0.965138949827 -0.028371035574 -0.985766551966 0.165708748611
2.860000	9 0.978755359014 0.00570935873269 0.204952068604 -0.2029788288 0.168077615476 0.96464994181 -0.0289403224085 -0.985757230965 0.165665745826
2.880000	9 0.978240193618 0.0058081812838 0.207394283 -0.205403269866 0.168041781878 0.964142860925 -0.0292509883468 -0.985762762826 0.165578244667
2.900000	9 0.977855690205 0.00572032611376 0.209202119977 -0.207171929507 0.167994693155 0.963772574156 -0.0296317525293 -0.985771302555 0.165459657625
2.920000	9 0.977343016123 0.0060726101411 0.211574460278 -0.209574041815 0.167806139474 0.963285949525 -0.0296538333647 -0.985801310083 0.165276819929
2.940000	9 0.976857485032 0.00589173052811 0.213810059277 -0.211747083847 0.167823303211 0.962807619092 -0.0302097073656 -0.985799485905 0.165187006663
2.960000	9 0.976398085047 0.00603483333078 0.215894326706 -0.213825091616 0.167820292802 0.962348782677 -0.0304238346125 -0.98579913274 0.165149811313
2.980000	9 0.975890569898 0.00582116301184 0.218182743694 -0.216042704801 0.167903301625 0.961838879962 -0.0310345821125 -0.985786282804 0.165112868513
3.000000	9 0.975331130014 0.00603097861202 0.220664483147 -0.218522792479 0.167920303945 0.961275486367 -0.0312566151814 -0.985782125431 0.165095806087
3.020000	9 0.974901293786 0.00596160443255 0.222557692852 -0.220377737548 0.167905754442 0.960854468907 -0.0316404830644 -0.985785025702 0.165005342137
3.040000	9 0.974349118586 0.00580161634474 0.224966967259 -0.222723816443 0.167970031996 0.960302124303 -0.0322164041884 -0.985775029912 0.164953610758
3.060000	9 0.973788969891 0.00577143554479 0.227380150078 -0.225091824946 0.168133134637 0.959721271714 -0.0326911679263 -0.985747401502 0.165025294943
3.080000	9 0.973292537589 0.00579260032682 0.22949527676 -0.227187536902 0.167904549405 0.959267369072 -0.0329766485594 -0.985786238528 0.164736251564
3.100000	9 0.972804618479 0.00603008020647 0.231548725753 -0.229252509219 0.167844596618 0.958786461316 -0.0330826432088 -0.985795024089 0.164662409795
3.120000	9 0.972294200301 0.00587090144876 0.233686800179 -0.231338112033 0.167711574658 0.958308669295 -0.0335658454799 -0.985818624414 0.16442315462
3.140000	9 0.971795432761 0.00596658105554 0.235749945441 -0.233384520328 0.167792611659 0.957798154699 -0.0338423187191 -0.985804260177 0.164452601319
3.160000	9 0.971245358888 0.00573311512363 0.238011731286 -0.23557330657 0.167851493049 0.957251844351 -0.0344625894334 -0.985795621654 0.164375552492
3.180000	9 0.970670287234 0.00588350060005 0.240342626059 -0.237901034387 0.167689122514 0.956704476852 -0.0346740727029 -0.985822368691 0.164170539595
3.200000	9 0.970157509011 0.00576977023643 0.242406925358 -0.239910318694 0.167875735407 0.95616984707 -0.0351773605378 -0.985791279741 0.164250132702
3.220000	9 0.969553506063 0.00575220256313 0.244811991222 -0.24227443723 0.167969431117 0.955557097862 -0.0356243729086 -0.985775421877 0.164248962489
3.240000	9 0.96891774616 0.0057607950085 0.247316021351 -0.244739526504 0.168084255382 0.954908502035 -0.0360688971606 -0.985755799544 0.164269712132
3.260000	9 0.96845778439 0.0056465341847 0.249113701965 -0.246496989239 0.167961746126 0.954477912858 -0.0364520802025 -0.985777342248 0.164055714192
3.280000	9 0.967822091252 0.00605688201826 0.251562544639 -0.248981738334 0.167854376158 0.953851666865 -0.036448506986 -0.985793194633 0.163961226373
3.300000	9 0.967357335615 0.0058855802827 0.253347873834 -0.250715037591 0.167806084295 0.953406045711 -0.0369019668487 -0.985802453851 0.163804050086
3.320000	9 0.96673131396 0.00600684386338 0.255723453044 -0.253076571988 0.167796292795 0.952783633799 -0.0371862248779 -0.985803389095 0.163734122065
3.340000	9 0.96611674184 0.00586799669584 0.258038771798 -0.255334774493 0.167822296103 0.952176364895 -0.0377172914036 -0.985799798917 0.163634233532
3.360000	9 0.965494240561 0.005943568194 0.260356573645 -0.257631788003 0.167814474219 0.951558807459 -0.0380359468529 -0.985800677744 0.163555160442
3.380000	9 0.964922756046 0.00600292206907 0.262465311596 -0.259716406419 0.167901399229 0.95097660769 -0.0383596546006 -0.985785516765 0.163570938236
3.400000	9 0.964290484982 0.00572294797864 0.264785023065 -0.261954110519 0.16797032515 0.950350468959 -0.0390372201238 -0.985775439811 0.163471336049
3.420000	9 0.963598246955 0.00595948526066 0.267288052483 -0.264456758995 0.168041512306 0.949644498096 -0.0392560961713 -0.985761905674 0.163500532831
3.440000	9 0.963111478035 0.00571137047118 0.269042117754 -0.266145488228 0.168026718281 0.949175221463 -0.0397851727938 -0.985765896241 0.163348516476
3.460000	9 0.962467737566 0.00596634787203 0.271330530602 -0.268450077685 0.16783728727 0.94855953993 -0.0398799440172 -0.985796656362 0.163139640707
3.480000	9 0.961829990424 0.00594365507037 0.273583154608 -0.270670518589 0.16773764361 0.947945965381 -0.0402559298417 -0.98581375314 0.162943868347
3.500000	9 0.961171412768 0.00594738415357 0.275887919088 -0.272941598955 0.167762356776 0.947290174766 -0.040649708938 -0.98580952535 0.162871670012
3.520000	9 0.960581150541 0.00612719881797 0.27793220515 -0.274987379559 0.16772003198 0.946705831796 -0.0408141434824 -0.98581562592 0.162793603635
3.540000	9 0.959947436191 0.00590581400508 0.280117905732 -0.277107039854 0.167683412687 0.946094055352 -0.0413836708656 -0.985823206498 0.162603804737
3.560000	9 0.959194646691 0.00607547726649 0.282681301708 -0.279653489723 0.167861139768 0.945312944713 -0.0417079781904 -0.985791928518 0.162710535072
3.580000	9 0.958623264485 0.00580873514085 0.284618508506 -0.281512201643 0.168026537632 0.944731688353 -0.0423357663736 -0.985765358109 0.162709377844
3.600000	9 0.957901135807 0.00581086327172 0.287039453538 -0.283894697463 0.168112061479 0.94400324975 -0.0427693204477 -0.985750763963 0.162684407904
3.620000	9 0.957226047331 0.0059046017692 0.289280884245 -0.286123217592 0.16801187856 0.943348033876 -0.0430325303237 -0.985767287112 0.162514790076
3.640000	9 0.956591252227 0.00582809830457 0.291374689073 -0.28818028344 0.167874783711 0.942746085237 -0.0434200460459 -0.985791098694 0.162267092588
3.660000	9 0.955960918724 0.00607305004923 0.293431150246 -0.290248727909 0.16782887359 0.942119496209 -0.0435246805691 -0.985797437232 0.162200539237
3.680000	9 0.955306196731 0.00591281654961 0.295558977342 -0.292324092051 0.167732313533 0.941494820062 -0.0440079049017 -0.985814845494 0.16196417724
3.700000	9 0.954567818911 0.00600880009213 0.297933169386 -0.294676069809 0.167808329916 0.94074777613 -0.0443429022572 -0.985801328226 0.161955081078
3.720000	9 0.953961033116 0.00587753093607 0.29987297632 -0.296564660436 0.16784993253 0.940146691921 -0.0448079175767 -0.985795036902 0.161865363011
3.740000	9 0.953210284544 0.00570941486805 0.302254124903 -0.298880584646 0.167927224595 0.939399192762 -0.0453932765992 -0.985782861396 0.161776390793
3.760000	9 0.95253566647 0.00589266660115 0.304369973195 -0.300988238732 0.168081974185 0.938698316872 -0.0456276697568 -0.985755409031 0.161877698643
3.780000	9 0.951835398281 0.00564634452806 0.306557487876 -0.30310314385 0.168103326679 0.938013728976 -0.0462369848445 -0.985753209659 0.16171812168
3.800000	9 0.951093336422 0.00589162013375 0.308847461098 -0.305409298058 0.167894946561 0.937302751292 -0.0463316962157 -0.985787287264 0.161483120463
3.820000	9 0.950524241629 0.0058060481464 0.310596129854 -0.307121046755 0.167847603075 0.936751751951 -0.0466939901473 -0.985795857136 0.161326375206
3.840000	9 0.949810089026 0.00566978825082 0.312775715628 -0.309245085631 0.167889479004 0.936045191138 -0.0472045739148 -0.98578951929 0.161216475152
3.860000	9 0.949001142945 0.0059667298511 0.31521616206 -0.311702639183 0.167792771287 0.935247053259 -0.0473106268759 -0.985804232106 0.161095377172
3.880000	9 0.948395638016 0.00573238870873 0.317037621605 -0.313455995313 0.167875022879 0.934646091147 -0.0478649432808 -0.985791619164 0.161008791038
3.900000	9 0.947576227762 0.00588464608262 0.319475607081 -0.315879257807 0.167954188269 0.933815659073 -0.048162091599 -0.985777237302 0.161008233794
3.920000	9 0.946755250055 0.00576072291404 0.321902641438 -0.318245444359 0.168068948812 0.932991246256 -0.0487271345153 -0.985758409813 0.160953483482
3.940000	9 0.946146741979 0.00559519471289 0.323689722478 -0.319979412587 0.168079280782 0.932396123379 -0.0491885978907 -0.985757601628 0.160818011023
3.960000	9 0.945298019184 0.00594041457961 0.32615389987 -0.322464538411 0.168053496927 0.931544225272 -0.0492775445123 -0.985759977705 0.160776210808
3.980000	9 0.944597712914 0.00575094993615 0.328179961808 -0.32443639389 0.167940611383 0.930879679318 -0.0497613009974 -0.985780339438 0.160502134877
4.000000	9 0.943944587511 0.00585250994724 0.33005206231 -0.326304352716 0.167807213917 0.930250615886 -0.0499408160409 -0.985802458449 0.160310410792
4.020000	9 0.943122431711 0.00595104784881 0.332392334197 -0.328625949655 0.16781706164 0.929431234162 -0.05025001509 -0.985800192155 0.160227704008
4.040000	9 0.942386271889 0.00568310905953 0.334478425054 -0.330638559603 0.167823244462 0.928716049997 -0.0508552598978 -0.985800720678 0.160033376679
4.060000	9 0.941627725706 0.00588272521627 0.336604545016 -0.332762533415 0.167885450682 0.927945888403 -0.0510521550645 -0.985788957634 0.160043145651
4.080000	9 0.940791787817 0.00574726602346 0.338936249034 -0.335029699632 0.168057432945 0.927098592166 -0.0516324737056 -0.985760451715 0.160032557606
4.100000	9 0.940126744695 0.00563340373517 0.340778474484 -0.336828321567 0.168030649617 0.926451500392 -0.0520421531001 -0.985765674768 0.159867597558
4.120000	9 0.939105048226 0.00580004512361 0.343581239118 -0.339612256774 0.168118463317 0.925418660575 -0.0523948799553 -0.98574973587 0.159850664015
4.140000	9 0.938464131906 0.00566263835621 0.345330287773 -0.341317940382 0.168042527058 0.924804721373 -0.0527933395397 -0.9857634826 0.159634644339
4.160000	9 0.937639028558 0.00584090322051 0.347561413241 -0.343550867169 0.167933744117 0.923997326432 -0.0529703104763 -0.98578098046 0.159467880062
4.180000	9 0.936911921069 0.00598903048838 0.349514210973 -0.345502821258 0.167860134326 0.923282608851 -0.0531399347089 -0.985792628709 0.159339387853
4.200000	9 0.936123670877 0.00586129725177 0.351622123904 -0.347563075478 0.167798790778 0.922520175594 -0.0535946022319 -0.985803840025 0.159117590491
4.220000	9 0.935204666571 0.00599996126003 0.354056820423 -0.349975886489 0.167954989 0.92157907992 -0.0539361706019 -0.985776405751 0.159172131248
4.240000	9 0.934469763604 0.00592095518808 0.355993262857 -0.351869308655 0.167995683814 0.920850389502 -0.0543530177357 -0.98576994908 0.159070289349
4.260000	9 0.933618321705 0.00572297631297 0.358223501349 -0.354030252838 0.168091472767 0.920004259153 -0.0549491533386 -0.985754789146 0.158959385449
4.280000	9 0.932656811066 0.00596883385205 0.360715463758 -0.356522847225 0.168128444684 0.919034431071 -0.0551609660718 -0.98574702592 0.158934164708
4.300000	9 0.931844171861 0.0058150083 0.362812107085 -0.358571372279 0.168005766959 0.91825956747 -0.0556148393063 -0.985768861319 0.158640290285
4.320000	9 0.931164559333 0.00584636505635 0.364552305516 -0.360299032668 0.167866995847 0.917608456131 -0.0558316263426 -0.985792316729 0.158418236889
4.340000	9 0.930239261889 0.00611964851847 0.366902528666 -0.362665378585 0.167742108943 0.916698646264 -0.0559351304225 -0.985811916539 0.158259680258
4.360000	9 0.929413899396 0.0059507974229 0.368991045445 -0.364701017863 0.167668531963 0.915904160357 -0.0564178267804 -0.985825467007 0.158003725975
4.380000	9 0.928647743725 0.00583870638333 0.370916806821 -0.366568351447 0.167889371845 0.915117917287 -0.0569298848786 -0.985788551531 0.158050371332
4.400000	9 0.927711542549 0.00602266586229 0.37324927504 -0.368900789192 0.167804640313 0.914195717789 -0.0571270650041 -0.985801871669 0.157896067901
4.420000	9 0.926827975238 0.00576298996501 0.375441995869 -0.371011271874 0.167964204506 0.913311919416 -0.0577974087478 -0.985776249436 0.157812057812
4.440000	9 0.926038483686 0.00580858519038 0.377384402263 -0.372930452132 0.167999586893 0.912523433494 -0.0580999535785 -0.985769952444 0.157740281008
4.460000	9 0.925101744271 0.0058401948333 0.379674406395 -0.375192030391 0.167999268366 0.911595955542 -0.0584611245021 -0.985769819964 0.157607610759
4.480000	9 0.924277854207 0.00567753774327 0.381678154717 -0.377147091486 0.167896070129 0.910807872726 -0.0589111161569 -0.985788352133 0.157323886275
4.500000	9 0.923477825297 0.00590545138902 0.383606350089 -0.379088675283 0.167801410079 0.910018935543 -0.0589956138732 -0.98580313066 0.157199571006
4.520000	9 0.922552087705 0.00599139091427 0.385826060171 -0.381296335157 0.167688154723 0.909117037329 -0.0592515845165 -0.985821883507 0.156985552621
4.540000	9 0.921784712054 0.00576912165711 0.387659208402 -0.383059313248 0.167830406893 0.908349336465 -0.0598206248525 -0.985799001702 0.156913419071
4.560000	9 0.920824038278 0.00594224391775 0.389933045876 -0.38532791492 0.167817689307 0.907391658072 -0.0600457201821 -0.985800138412 0.156820274821
4.580000	9 0.919850569785 0.00585130507611 0.392225307055 -0.387566010882 0.167923265755 0.906418426571 -0.060560023732 -0.985782703767 0.156732078652
4.600000	9 0.918899355173 0.00560508621586 0.394452225335 -0.389714019574 0.168049901678 0.90547347476 -0.0612124007923 -0.985762554348 0.156605326968
4.620000	9 0.918060512391 0.00578658907558 0.396398046128 -0.39166056925 0.168037614266 0.904635483875 -0.0613750281628 -0.98576360025 0.156535077026
4.640000	9 0.917138584848 0.00584058537375 0.398525662593 -0.393770862681 0.167952088945 0.903734808184 -0.0616548772283 -0.985777857015 0.156335193519
4.660000	9 0.916217723537 0.00581729018041 0.400638543093 -0.395856979399 0.167828803442 0.902845914094 -0.0619865706298 -0.985798991615 0.156070539153
4.680000	9 0.915375015451 0.0059930877794 0.402557652998 -0.39777715011 0.167802428022 0.902006476695 -0.0621443475996 -0.985802428506 0.155986063521
4.700000	9 0.914406212602 0.00591968628214 0.404754537552 -0.399924164349 0.167902417508 0.901037979757 -0.0626254031838 -0.985785846677 0.15589843927
4.720000	9 0.913608236044 0.00570406468912 0.406555598508 -0.401661239846 0.167966229866 0.900253072213 -0.0631525093519 -0.985776247061 0.155746432678
4.740000	9 0.912563736846 0.00585616610039 0.4088925672 -0.403984778968 0.168011674098 0.899204301441 -0.0634328349942 -0.985767610893 0.155687163117
4.760000	9 0.911503605605 0.00581861200075 0.411250921851 -0.406289518848 0.168216013702 0.898127050928 -0.0639531378683 -0.985732984377 0.15569354408
4.780000	9 0.910720449321 0.00564990296058 0.412984674999 -0.407975907365 0.168150024067 0.89737463103 -0.0643733034556 -0.985745224692 0.155442689758
4.800000	9 0.909740725121 0.00584977448984 0.415135632287 -0.410140275728 0.167937629698 0.896427301434 -0.0644729965296 -0.985780265916 0.155178929139
4.820000	9 0.908758274456 0.00602731924588 0.417279366888 -0.412288669402 0.167807792361 0.895465576058 -0.0646254724544 -0.985801306677 0.154981715258
4.840000	9 0.907796451678 0.00573681887462 0.419371781632 -0.414308207153 0.167767374847 0.894540562201 -0.0652250857082 -0.985809919227 0.154675438737
4.860000	9 0.906939426101 0.00574806157105 0.421221838432 -0.416128729095 0.167831362537 0.893683117537 -0.0655572894895 -0.985798962029 0.154604813177
4.880000	9 0.905837360494 0.00598460286691 0.423583357631 -0.418485422988 0.167933736593 0.892562720967 -0.0657923025866 -0.985780119825 0.154625121755
4.900000	9 0.904831843832 0.00575703169028 0.425730185651 -0.420558252413 0.168043744286 0.891567191149 -0.066408513879 -0.985762728344 0.154472498174
4.920000	9 0.903794570725 0.00572079275372 0.4279283193 -0.422713190741 0.168123076051 0.890532531507 -0.066850073317 -0.98574941229 0.154366977907
4.940000	9 0.90292362331 0.00596379695198 0.429759657942 -0.424566406154 0.167956942969 0.889681871274 -0.0668752363271 -0.985776292287 0.154184319344
4.960000	9 0.901985820907 0.00583619213532 0.431726206923 -0.426493420801 0.167825804363 0.888784485353 -0.067267680918 -0.98579939047 0.153865593466
4.980000	9 0.90095515525 0.00568340728458 0.433874990187 -0.428587799225 0.167818298462 0.887777853439 -0.0677665594792 -0.985801560956 0.153632600165
5.000000	9 0.900030007993 0.00587579258986 0.435788319915 -0.430504267585 0.167795053467 0.886854495181 -0.0679121513692 -0.985804389873 0.153550137098
5.020000	9 0.89892243363 0.00599285704451 0.438066825931 -0.432761194083 0.16788422786 0.885738468698 -0.0682364068008 -0.98578850252 0.153508374646
5.040000	9 0.897856877708 0.00574853316088 0.440249908029 -0.434870836209 0.167941274498 0.884693779867 -0.068850439121 -0.985780240564 0.153287097781
5.060000	9 0.896927398514 0.0057829537831 0.442140022211 -0.436732350523 0.168029022592 0.883759640159 -0.0691816146265 -0.98576508612 0.153235437107
5.080000	9 0.895825942827 0.00588577227706 0.444366107892 -0.438939572604 0.168056150412 0.88266028681 -0.0694833200195 -0.985759853105 0.153132557758
5.100000	9 0.895011224678 0.00581058374449 0.446005767695 -0.440560199602 0.167822139741 0.881897068789 -0.0697253054992 -0.985800165616 0.152762610752
5.120000	9 0.894003182125 0.00565591324704 0.448024911134 -0.442526803921 0.167813201049 0.880913592451 -0.0702021236301 -0.985802586829 0.152528428953
5.140000	9 0.892860976302 0.00599099150061 0.450292554922 -0.444817740146 0.167736787741 0.87977357774 -0.0702599106797 -0.985813612231 0.152430531365
5.160000	9 0.891739777927 0.00596805917026 0.452509171987 -0.446992092747 0.167824385821 0.87865410973 -0.0706982141501 -0.985798842459 0.152323355801
5.180000	9 0.890826746952 0.00573049298786 0.454307019939 -0.448717347052 0.167963941141 0.877747604344 -0.0712772710651 -0.985776483756 0.152198142902
5.200000	9 0.889678374821 0.00574347010463 0.456551642125 -0.450921576717 0.168093288212 0.876592481207 -0.0717085840534 -0.985754360381 0.15213881807
5.220000	9 0.888531248524 0.00592463710889 0.458777853728 -0.453139550636 0.168134587663 0.875440065385 -0.0719497605673 -0.985746244784 0.152077522493
5.240000	9 0.887510009583 0.00582199504271 0.460751654651 -0.45508902001 0.167857377306 0.874481494802 -0.0722493374113 -0.985794098815 0.15162462856
5.260000	9 0.886627752526 0.00571396487872 0.462448460972 -0.456743869789 0.167866756633 0.873616500204 -0.0726379092538 -0.985793133788 0.151445143588
5.280000	9 0.885659760515 0.00590787347642 0.464297195378 -0.458597305914 0.167832855292 0.872651501857 -0.0727688093425 -0.985797763091 0.151352141285
5.300000	9 0.884339656303 0.00602345936785 0.466805195159 -0.461094819588 0.167712910292 0.871357531138 -0.0730406711361 -0.985817476848 0.151092563356
5.320000	9 0.883417692549 0.00584308963239 0.468549932019 -0.462780935911 0.167790690268 0.870448211909 -0.0735322095958 -0.985805326909 0.150933334916
5.340000	9 0.882257645583 0.00580276948171 0.470731106553 -0.464917445002 0.167878196445 0.869292057073 -0.073981187759 -0.985790666939 0.150809631101
5.360000	9 0.881224958996 0.00594920608691 0.47265968581 -0.46682457755 0.168079464422 0.868230446042 -0.0742791049905 -0.985755497366 0.150893054762
5.380000	9 0.880088074918 0.00591241160188 0.47477365531 -0.468899487721 0.168110367795 0.867105630621 -0.0746876884232 -0.985750448962 0.150724256738
5.400000	9 0.879046577958 0.00574230202015 0.476701310831 -0.470788514814 0.167908249019 0.86612065801 -0.0750685560025 -0.985785902658 0.150302581551
5.420000	9 0.878118566932 0.00578893418965 0.478408058722 -0.47248298873 0.167831982096 0.865212257857 -0.0752835159253 -0.985798617379 0.150111552531
5.440000	9 0.876919711695 0.00607092195743 0.480598546759 -0.474690634091 0.167739374474 0.864021009095 -0.0753698954909 -0.985812683098 0.149975773698
5.460000	9 0.87574521597 0.00597496628072 0.4827365912 -0.476774455126 0.167848654668 0.862851637343 -0.0758711779534 -0.985794668734 0.149841367625
5.480000	9 0.874794080706 0.00578421087803 0.484460379459 -0.478444225082 0.167850021475 0.861926617396 -0.0763311197796 -0.985795573735 0.149601627524
5.500000	9 0.873591320618 0.00572076863203 0.48662663033 -0.480557736085 0.16799635881 0.860721491375 -0.0768275134867 -0.985771016125 0.149509320574
5.520000	9 0.87231363321 0.00598721814685 0.488910092487 -0.482841753225 0.168067792241 0.859428332413 -0.0770244549411 -0.985757257356 0.149498705383
5.540000	9 0.871399510179 0.00592872712847 0.490538218546 -0.484447022994 0.167941250125 0.85854925218 -0.0772914974141 -0.985779177454 0.149216077305
5.560000	9 0.870292340464 0.00572032971599 0.492502304521 -0.486354518945 0.167898046257 0.857478587467 -0.0777851144612 -0.985787768179 0.148902491843
5.580000	9 0.869159401087 0.00572889911641 0.494498852594 -0.488336623892 0.167725294291 0.856385174685 -0.0780338213073 -0.985817125724 0.148577647586
5.600000	9 0.868105988871 0.00601027737938 0.496342491282 -0.490187189089 0.167822842521 0.855308139316 -0.0781569685886 -0.985798848698 0.148634175636
5.620000	9 0.866864572542 0.00594326950908 0.498508265145 -0.49230012477 0.167960344398 0.854066689352 -0.0786536713855 -0.985775836718 0.148524744471
5.640000	9 0.865635372263 0.00571252131037 0.500642356765 -0.494357556525 0.168096603942 0.852850595386 -0.0792843527608 -0.985753974805 0.148334394406
5.660000	9 0.864422797695 0.0056978625613 0.502733290312 -0.496416486636 0.168083588643 0.851656373794 -0.0796485945987 -0.985756279002 0.148123798855
5.680000	9 0.863413985073 0.00593390980955 0.504461176995 -0.498167563634 0.167913030629 0.850666969317 -0.0796578239902 -0.98578395344 0.147934540314
5.700000	9 0.862214411061 0.0060195691291 0.506507723679 -0.500205100858 0.167807461323 0.84949132603 -0.0798822034893 -0.985801410382 0.147697030619
5.720000	9 0.861030940837 0.00587008901328 0.508518692848 -0.50216958498 0.167743353001 0.848344196329 -0.0803207746555 -0.985813222461 0.147379997217
5.740000	9 0.86005539186 0.00572173097714 0.510168584614 -0.503778343148 0.167682245284 0.847401938629 -0.0806976078191 -0.985824490673 0.147098503327
5.760000	9 0.858771270392 0.00580681006142 0.512326249675 -0.505909098665 0.167775381355 0.846113116137 -0.0810425137616 -0.985808146836 0.147018395431
5.780000	9 0.857403981841 0.00598433634123 0.514609171743 -0.508160652597 0.168063377934 0.844705541683 -0.0814319536481 -0.985758027467 0.147139213703
5.800000	9 0.856370979077 0.00591304879196 0.516327204443 -0.509842512683 0.168066456344 0.843690866676 -0.0817884983046 -0.985757932814 0.146941959423
5.820000	9 0.855179006599 0.0057865452004 0.518300475175 -0.511777774136 0.16794939517 0.842541696632 -0.082172845711 -0.985778634662 0.146588222143
5.840000	9 0.853980198955 0.00577898534919 0.520273411891 -0.513731115754 0.167821888621 0.841377533813 -0.0824509581416 -0.98580039411 0.146285414425
5.860000	9 0.852919544305 0.00591228064496 0.522008904023 -0.515466960301 0.1677443729 0.840330671937 -0.0825957854864 -0.985812796781 0.146120039426
5.880000	9 0.851658727808 0.00606421915073 0.52406167251 -0.517516564687 0.167685158374 0.839081815401 -0.0827889885387 -0.985821947873 0.145948862515
5.900000	9 0.850349476128 0.00590911488571 0.526185186802 -0.519574514828 0.16782259419 0.83778153502 -0.0833552157338 -0.985799502557 0.145778080552
5.920000	9 0.849059357092 0.00559730359703 0.528267809286 -0.521555798666 0.1681183183 0.83649015531 -0.0841294063541 -0.985750932662 0.145661737399
5.940000	9 0.847966288262 0.00563456093672 0.530020212533 -0.523287463376 0.168120793564 0.835407463125 -0.0844002644783 -0.985750298247 0.145509260398
5.960000	9 0.84668641162 0.00595672061445 0.53205886691 -0.525350913018 0.168025310446 0.834130633199 -0.0844306731501 -0.985764684156 0.145394115776
5.980000	9 0.845441741277 0.00601556219845 0.534033777132 -0.527318965038 0.167863582945 0.832920480377 -0.084634338287 -0.985791879928 0.145090999895
6.000000	9 0.844405521116 0.00589941532646 0.535672019811 -0.528919785283 0.167821116558 0.831913417114 -0.0849892737103 -0.985799812201 0.144829394869
6.020000	9 0.843155622541 0.0057522875051 0.537638826133 -0.530832993274 0.167858462619 0.830686384732 -0.0854688798872 -0.985794323232 0.144584310543
6.040000	9 0.841804912677 0.00582181001862 0.539750493766 -0.53292470037 0.167844212761 0.829348891588 -0.0857656850276 -0.985796341427 0.144394669226
6.060000	9 0.84040223148 0.00590936011314 0.541930963119 -0.535062581367 0.168106705965 0.827917972646 -0.0862097636259 -0.985751091743 0.144439128296
6.080000	9 0.839255977347 0.00593729287731 0.543704104307 -0.536814612017 0.168092970945 0.826785840133 -0.0864839685285 -0.985753266123 0.144260256188
6.100000	9 0.838030331329 0.00589645569859 0.545591784746 -0.538680548532 0.167954579861 0.825599494753 -0.0867665281367 -0.985777100015 0.143927338199
6.120000	9 0.836975218819 0.00576451547395 0.547210428853 -0.540271857949 0.167777703916 0.824595028834 -0.0870563185083 -0.98580799978 0.143540185933
6.140000	9 0.83569321271 0.00567654609326 0.549167215932 -0.542187012359 0.167778674194 0.823336844867 -0.0874648378498 -0.985808345121 0.143289248828
6.160000	9 0.834387825205 0.00588095631286 0.551146415667 -0.544175472153 0.167674175389 0.822045270295 -0.087578608444 -0.985824926273 0.143105562724
6.180000	9 0.833233374658 0.00607388259737 0.552888100167 -0.545913816941 0.167731924791 0.820880080084 -0.0877510560023 -0.985813932421 0.143075654164
6.200000	9 0.831860428642 0.00595693606435 0.554952918879 -0.547913256676 0.16793376561 0.819505529894 -0.0883135913578 -0.985780282457 0.142961338483
6.220000	9 0.830473839087 0.0057815081703 0.557027626564 -0.549915958622 0.168113160723 0.818126153869 -0.0889136718686 -0.985750749102 0.142792925594
6.240000	9 0.829371194835 0.00565180077316 0.558669381947 -0.551517283963 0.168085953789 0.817053117997 -0.0892866544733 -0.985756140882 0.142522714141
