timestep,Left Shoulder,Left UpperArm,Left ForeArm,Left Wrist1,Left Wrist2,Left Wrist3,Right Shoulder,Right UpperArm,Right ForeArm,Right Wrist1,Right Wrist2,Right Wrist3,Left EE Transform,Right EE Transform
0:00:00.128739,-0.19720000000000001,-2.1063,-1.5993600000000001,3.7114599999999998,-0.9523066666666667,0.10468,0.20461333333333334,-1.0304926535897931,1.60616,-0.5759206797435401,0.9622,-0.0974,"[[0.9995202611741487, 0.024762859386803598, 0.018079986169409132, -0.02960853769600682, 0.6264241912471327, 0.7789196539327206, 0.007962537150022254, -0.7790827577448783, 0.6268554034364264], [0.7003258039940228, 0.19455684435885606, 0.6104690136483237]]","[[0.9996284826581391, -0.01915380271352791, 0.018890801483418034, 0.02675539614012299, 0.6346381931174039, -0.7723459827181981, 0.002804538459594021, 0.7725657937537024, 0.6349135615171368], [0.6998859979627094, -0.19426577046757765, 0.6167515395584657]]"
0:00:00.200577,-0.18359999999999999,-2.1063,-1.57352,3.69922,-0.92828,0.12236000000000001,0.22002666666666673,-0.9896926535897931,1.57352,-0.5845340130768735,0.9622,-0.0974,"[[0.9990373653484321, 0.0398260411590113, 0.017862838488026417, -0.038358186438007334, 0.6057990084440985, 0.7946922929638076, 0.020828158124282247, -0.7946142824123839, 0.6067416983404688], [0.7030921537279484, 0.1944143974817099, 0.5965698336970618]]","[[0.9990561983314331, -0.030965100800273575, 0.030145164147631378, 0.042948007977865015, 0.6340249234724243, -0.7721189330429273, 0.004795955199708367, 0.7726862034152129, 0.6347550963286265], [0.7144516819822975, -0.18747525753216504, 0.627695909598674]]"
0:00:00.273419,-0.16919999999999996,-2.1063,-1.54616,3.68626,-0.90284,0.14108000000000004,0.2363466666666668,-0.946492653589793,1.53896,-0.5936540130768735,0.9622,-0.0974,"[[0.9982853277615933, 0.05552549949682094, 0.018005419537758634, -0.04705691151679722, 0.583035278885078, 0.8110825910095412, 0.034537971197340665, -0.8105412959751205, 0.5846462566616827], [0.7055773695077051, 0.1943706775539691, 0.5817869074073312]]","[[0.9982176644250766, -0.042768327021662056, 0.041391455135400976, 0.059128250970509874, 0.6332252797835168, -0.7717054775068696, 0.006794436467660586, 0.7727787686310069, 0.6346241513113634], [0.7286939713883274, -0.18069962474912324, 0.6395697164649798]]"
0:00:00.335993,-0.15799999999999997,-2.1063,-1.52488,3.67618,-0.8830533333333334,0.15564000000000006,0.24994666666666682,-0.9104926535897929,1.51016,-0.6012540130768735,0.9622,-0.0974,"[[0.9975369950559841, 0.06754705444910879, 0.018391023774224302, -0.05341956396131097, 0.5646837535491761, 0.8235762934569785, 0.045245040400692604, -0.8225327129743002, 0.5668988173388622], [0.7071953771331805, 0.194415489624841, 0.5702529840363971]]","[[0.9973815350157389, -0.05194106488885804, 0.05013102136697542, 0.07170158572543836, 0.632474593637583, -0.7712551378704637, 0.008353215794280085, 0.7728314332253741, 0.6345414115761994], [0.7395183350420702, -0.17544796424178363, 0.6494377522337924]]"
0:00:00.398680,-0.14519999999999994,-2.1063,-1.5005600000000001,3.66466,-0.86044,0.17228000000000004,0.2635466666666669,-0.874492653589793,1.48136,-0.6088540130768735,0.9622,-0.0974,"[[0.9965150316206434, 0.08107118388008343, 0.019135600210380892, -0.06025984631235188, 0.543031530376343, 0.8375467786611448, 0.05750967463409608, -0.8357838417685571, 0.5460216409254561], [0.7087082185160325, 0.19455386264064892, 0.5570441330083329]]","[[0.996229068103559, -0.06241408224808468, 0.06010898574078337, 0.08605618236748352, 0.6314788728809031, -0.7706026465798766, 0.010138902398623964, 0.7728708336081739, 0.6344673994125342], [0.7515879885849431, -0.1694732664197951, 0.6613819392824056]]"
0:00:00.461344,-0.13319999999999993,-2.1063,-1.47776,3.65386,-0.83924,0.18788000000000005,0.27714666666666693,-0.838492653589793,1.45256,-0.6164540130768735,0.9622,-0.0974,"[[0.9954031627320018, 0.09353089146505676, 0.020136034100831892, -0.06625638974852194, 0.5220882178400472, 0.850313392957311, 0.06901778350990465, -0.8477418682207188, 0.5258821958272746], [0.7098020686355352, 0.19477041896540861, 0.5446448064296177]]","[[0.994958097239679, -0.07222090473886011, 0.06945169643713299, 0.09949659352183508, 0.6304120527966677, -0.7698575811194884, 0.01181662450737575, 0.7728875691893305, 0.6344179826067786], [0.7625846673545219, -0.1639047293838984, 0.6732132710831595]]"
0:00:00.522442,-0.12119999999999995,-2.1063,-1.45496,3.6430599999999997,-0.81804,0.20348000000000005,0.290746666666667,-0.8024926535897928,1.42376,-0.6240540130768735,0.9622,-0.0974,"[[0.9942380003652095, 0.10495888001623178, 0.021340222821283093, -0.07149212161230306, 0.5019912735667794, 0.8619120009817822, 0.0797527126633424, -0.8584746966384864, 0.5065991585598209], [0.7105411867636929, 0.1950503846677586, 0.533067088904501]]","[[0.9935029767281647, -0.0820146573361546, 0.07878133768307503, 0.11291800051527842, 0.6292163802977112, -0.7689836409330947, 0.0134974216762802, 0.7728846956351765, 0.6343879497674484], [0.773246633233557, -0.15837370031074172, 0.6856447052953341]]"
0:00:00.589811,-0.10919999999999992,-2.1063,-1.43216,3.63226,-0.79684,0.21908000000000008,0.304346666666667,-0.7664926535897929,1.39496,-0.6316540130768735,0.9622,-0.0974,"[[0.9927639234906274, 0.11777019535533285, 0.02304307825806498, -0.07705291921002422, 0.4783895210087684, 0.8747597917402724, 0.09199706439179886, -0.8702092031660937, 0.4839986914227224], [0.7110547842579197, 0.19546470490705478, 0.5198400330443566]]","[[0.9918639734050595, -0.09179356807115725, 0.08809613758405622, 0.12631793199166064, 0.6278920540735534, -0.7679810246587386, 0.015180853680769504, 0.7728621606030792, 0.6343773532424413], [0.783548473677435, -0.15288537254454265, 0.6986621489085761]]"
0:00:00.662127,-0.09479999999999991,-2.1063,-1.4048,3.6193,-0.7713999999999999,0.23780000000000007,0.32066666666666704,-0.7232926535897928,1.3604,-0.6407740130768735,0.9622,-0.0974,"[[0.9910412608588443, 0.13107681870435095, 0.025241656240703177, -0.08247323604467346, 0.4525931951440785, 0.8878939223642505, 0.1049581088417256, -0.8820253269082587, 0.45934480667452027], [0.7112164228613025, 0.1960179361984823, 0.5058044603098723]]","[[0.9897845238435311, -0.10285615763346447, 0.09863273558696115, 0.1414754445254854, 0.6262359047517393, -0.766689452847614, 0.017091370809569267, 0.7728127926196942, 0.6343888999366701], [0.7947570315545474, -0.1467227997421837, 0.7141042866091263]]"
0:00:00.732294,-0.0819999999999999,-2.1063,-1.38048,3.60778,-0.7487866666666666,0.2544400000000001,0.33517333333333377,-0.6848926535897928,1.32968,-0.6488806797435402,0.9622,-0.0974,"[[0.9891684395221223, 0.14405331929091303, 0.027848569830926463, -0.08739911689914878, 0.4260806030921444, 0.9004523360275751, 0.117847412439214, -0.8931373751388443, 0.43405121552744735], [0.7109860209829837, 0.19669047981313628, 0.4918014812556793]]","[[0.9874697656141047, -0.11389484044956327, 0.10914542771161759, 0.1565986197372439, 0.6244151537039729, -0.7652332504457734, 0.019004059945586606, 0.7727380482050903, 0.6344255338665399], [0.8054354010027582, -0.14062716361504188, 0.7302552720404708]]"
0:00:00.802541,-0.06839999999999988,-2.1063,-1.3546399999999998,3.5955399999999997,-0.7247599999999998,0.27212000000000014,0.35058666666666716,-0.6440926535897928,1.29704,-0.6574940130768736,0.9622,-0.0974,"[[0.9872786792915197, 0.15595079955137503, 0.03068080129932643, -0.0915926608200871, 0.40049763686722384, 0.9117070583186301, 0.1298938562838492, -0.9029238068536325, 0.40968199648461645], [0.7104148013791314, 0.19743495252648466, 0.4786645123574772]]","[[0.9850767056003487, -0.12426005290757566, 0.11901559099678279, 0.17079762678591998, 0.6225515000293935, -0.7637126749442157, 0.020805642692822507, 0.7726444713207742, 0.6344829778876951], [0.8149702811654854, -0.13495595915595313, 0.746080413867819]]"
0:00:00.865739,-0.05639999999999987,-2.1063,-1.33184,3.58474,-0.7035599999999999,0.28772000000000014,0.36328000000000055,-0.6104926535897928,1.27016,-0.6645873464102069,0.9622,-0.0974,"[[0.9852751697602911, 0.16752873767799356, 0.033884671266556594, -0.09536698365378501, 0.3743284097458357, 0.9223775393818558, 0.1418407497252055, -0.9120322218590591, 0.38478814157537444], [0.7095039056948155, 0.19828978845224926, 0.4655803311560677]]","[[0.9826447913751897, -0.13395424554042595, 0.12824567589546804, 0.1840760500422621, 0.620672547586923, -0.7621553349514875, 0.022495372502990173, 0.7725362507828706, 0.6345570912211924], [0.8234298969864279, -0.12970061643581984, 0.7614451604627795]]"
0:00:00.928157,-0.044399999999999884,-2.1063,-1.30904,3.57394,-0.6823599999999999,0.30332000000000015,0.37778666666666727,-0.5720926535897928,1.2394399999999999,-0.6726940130768736,0.9622,-0.0974,"[[0.9833017654159902, 0.17808119187589444, 0.03722891090672106, -0.09853440585975672, 0.3492849236556446, 0.9318194955839711, 0.15293602908295154, -0.9199334439006612, 0.36099424627316823], [0.7083452114456821, 0.19919328089549243, 0.4533719684439088]]","[[0.9800309922425781, -0.1436241995386647, 0.1374515230729128, 0.1973198982201837, 0.6186664002547776, -0.7604707774318387, 0.024185367692138474, 0.7724081722138064, 0.6346508374509182], [0.8314027595629989, -0.12450734395348026, 0.7773008276467961]]"
0:00:00.990547,-0.03239999999999987,-2.1063,-1.2862399999999998,3.5631399999999998,-0.6611599999999999,0.31892000000000015,0.3913866666666673,-0.5360926535897927,1.21064,-0.6802940130768735,0.9622,-0.0974,"[[0.9812439656810995, 0.1883305251626269, 0.040904975864712624, -0.1013529470197115, 0.3237705298024373, 0.9406893096111288, 0.16391668598665904, -0.927197210588674, 0.3367800702726408], [0.7068954694023126, 0.2001972130223232, 0.44122923917012435]]","[[0.9772357900514885, -0.1532681656156158, 0.1466313833166983, 0.2105267338435211, 0.6165334060006803, -0.7586593503015379, 0.025875180765016367, 0.7722602143669092, 0.6347642378290385], [0.8388672492262097, -0.11937824048672495, 0.793626092638652]]"
0:00:01.060097,-0.018799999999999817,-2.1063,-1.2603999999999997,3.5509,-0.6371333333333331,0.3366000000000002,0.40680000000000066,-0.4952926535897927,1.178,-0.6889073464102069,0.9622,-0.0974,"[[0.9789642351976656, 0.19891698427566834, 0.04519348446253313, -0.10398702631469312, 0.2960620605404773, 0.9494891534777596, 0.17548944287927132, -0.9342214403850942, 0.3105129729821642], [0.7050328303896437, 0.201380478484463, 0.42835959712337424]]","[[0.9738492504058056, -0.16416437489265795, 0.15700160727051007, 0.22544666837051244, 0.6139631384982288, -0.7564534980463093, 0.027789516093068078, 0.7720684766142882, 0.6349165383008849], [0.8466861942696255, -0.1136448709368699, 0.8126675066041571]]"
0:00:01.131054,-0.005199999999999816,-2.1063,-1.2345599999999999,3.5386599999999997,-0.6131066666666665,0.35428000000000015,0.4213066666666674,-0.4568926535897926,1.1472799999999999,-0.6970140130768736,0.9622,-0.0974,"[[0.9764557174078533, 0.20975943759469917, 0.05016650472388844, -0.10638006476721432, 0.266096016915892, 0.9580560436005316, 0.18761218980023112, -0.9408423343586602, 0.2821388826877366], [0.7027018143404177, 0.20276668789844082, 0.41479094090810487]]","[[0.9702311743397705, -0.17502243202833, 0.16733368055498032, 0.2403124143138675, 0.6112309975106601, -0.7540857430226119, 0.029702388218956967, 0.7718511682759908, 0.635094120207359], [0.8537964951255707, -0.10799767280445487, 0.8322493491315783]]"
0:00:01.198753,0.006800000000000167,-2.1063,-1.21176,3.5278599999999996,-0.5919066666666665,0.36988000000000015,0.43490666666666744,-0.42089265358979266,1.11848,-0.7046140130768735,0.9622,-0.0974,"[[0.9740224456606721, 0.21956884055917464, 0.05523897025746295, -0.10826643454994556, 0.23742977324524475, 0.9653497685163538, 0.1988453532246731, -0.946259497723648, 0.2550272349971999], [0.7001825006483707, 0.20419439015820823, 0.4021308224946438]]","[[0.9668471579973981, -0.18456937434787335, 0.17641652078509767, 0.2533814445385312, 0.6086863468384328, -0.7518625849992252, 0.031388479350254274, 0.7716381841415818, 0.6352718114888805], [0.8594598572854584, -0.1030871758532119, 0.8499479155353734]]"
0:00:01.271345,0.021200000000000163,-2.1063,-1.1844,3.5149,-0.5664666666666665,0.38860000000000017,0.45032000000000083,-0.3800926535897926,1.0858399999999997,-0.7132273464102069,0.9622,-0.0974,"[[0.9712115758101926, 0.23013021377207218, 0.061398654437940424, -0.10998487233963937, 0.20468379050874366, 0.9726263342447915, 0.2112633968976065, -0.9513858526445474, 0.22409513418802562], [0.6969785459378024, 0.2059449378393122, 0.3880294183974974]]","[[0.9627956194726573, -0.19534878028285646, 0.186669945932997, 0.2681356686512739, 0.6056512015119626, -0.7491917703118791, 0.0332968214878868, 0.7713727284193528, 0.6354969965171546], [0.8651630457731634, -0.09760415898397015, 0.8704494507744208]]"
0:00:01.338042,0.033200000000000174,-2.1063,-1.1616,3.5040999999999998,-0.5452666666666665,0.40420000000000017,0.4648266666666675,-0.3416926535897926,1.0551199999999998,-0.7213340130768736,0.9622,-0.0974,"[[0.9688175277306882, 0.2385354847393044, 0.06689645073021884, -0.11110703915503888, 0.17702621154199155, 0.9779113242995581, 0.2214241265354741, -0.9548575563649665, 0.19800180980582854], [0.6940156413740497, 0.2075217332731487, 0.37640258398102766]]","[[0.959030597493323, -0.2048224027452895, 0.19567946917861218, 0.28110083633857724, 0.6028402388385311, -0.7467022513542874, 0.03497789132227094, 0.7711172671978949, 0.635716684667325], [0.869545481571043, -0.09283846026804686, 0.888900841035463]]"
0:00:01.406042,0.04680000000000023,-2.1063,-1.1357599999999999,3.49186,-0.5212399999999997,0.4218800000000002,0.4793333333333343,-0.3032926535897925,1.0243999999999998,-0.7294406797435403,0.9622,-0.0974,"[[0.9660557838111219, 0.24761278097075654, 0.07352511324278108, -0.11205784476821966, 0.1453125555643985, 0.983015935726254, 0.23272318748027782, -0.9578948699597842, 0.16811941538940084], [0.6903429121436082, 0.20943965348100047, 0.3633732248427064]]","[[0.9545490017447298, -0.21551428599683975, 0.20584537509020462, 0.2957311862329076, 0.5995045218329187, -0.7437308093977539, 0.03687938119623772, 0.7708036915020298, 0.6359894454364277], [0.8737552664687152, -0.08751833642172308, 0.9101868471913148]]"
0:00:01.474588,0.060400000000000204,-2.1063,-1.1099199999999998,3.4796199999999997,-0.497213333333333,0.4395600000000002,0.49474666666666756,-0.26249265358979257,0.9917599999999998,-0.7380540130768736,0.9622,-0.0974,"[[0.9634167371797714, 0.2557081668095489, 0.0801462767918189, -0.11266010170730058, 0.11514276682458946, 0.9869358198620286, 0.24313928519509898, -0.9598676401852904, 0.13973071169100404], [0.6865876863632491, 0.21137273950563343, 0.35126374458798076]]","[[0.9498404479362459, -0.22615608936034423, 0.21596120310082018, 0.3102907396787612, 0.5960102020557169, -0.740600735029527, 0.03877628571535874, 0.770464582113117, 0.6362874507869622], [0.8771406333583427, -0.08228275124585915, 0.9318317514722424]]"
0:00:01.537393,0.07160000000000025,-2.1063,-1.0886399999999998,3.46954,-0.4774266666666664,0.4541200000000002,0.507440000000001,-0.22889265358979238,0.9648799999999997,-0.745147346410207,0.9622,-0.0974,"[[0.9609136764128619, 0.2628923098005215, 0.0866863996197962, -0.11298419506196643, 0.08660780079116051, 0.9898108871004531, 0.2527059519459669, -0.9609251439575639, 0.1129171638785309], [0.6828106204612615, 0.213298413340194, 0.3400548953231092]]","[[0.9457931887402534, -0.23488057734863763, 0.2242525364845562, 0.3222253704124877, 0.5930139984151058, -0.7379044758876874, 0.04033453600920779, 0.7701661652319579, 0.6365518002057335], [0.8792959857578283, -0.0780330628858818, 0.9498971027893384]]"
0:00:01.604938,0.08360000000000026,-2.1063,-1.0658399999999997,3.4587399999999997,-0.45622666666666634,0.4697200000000002,0.5210400000000011,-0.19289265358979235,0.9360799999999997,-0.752747346410207,0.9622,-0.0974,"[[0.9583878442347112, 0.2696744590126239, 0.0935441679994832, -0.11309186811486718, 0.057860979988963876, 0.9918940086532929, 0.26207592294873705, -0.961206639152563, 0.08594285444983962], [0.6787914104422762, 0.21533434087315387, 0.3289930108525052]]","[[0.9412876131172305, -0.2441871321969937, 0.23309499875914202, 0.33495443287842785, 0.5896855406776226, -0.7348973648451999, 0.04199972960814276, 0.7698272647712264, 0.6368539822416572], [0.880959428846561, -0.07354014193304015, 0.9694647125080037]]"
0:00:01.678693,0.09800000000000028,-2.1063,-1.0384799999999998,3.4457799999999996,-0.4307866666666662,0.48844000000000026,0.5373600000000011,-0.14969265358979233,0.9015199999999997,-0.761867346410207,0.9622,-0.0974,"[[0.9553334647883188, 0.27726925046551837, 0.10218578486640428, -0.11295838088960762, 0.02312856839290118, 0.9933258285692024, 0.2730552970413578, -0.9605088453889344, 0.053406681871695616], [0.6736574376740899, 0.2179234937677643, 0.3159232053363847]]","[[0.9356509920933217, -0.2552965418514535, 0.24364749967427057, 0.3501468246535193, 0.5855307505578243, -0.7311281600861348, 0.04399138756439315, 0.7693944540155461, 0.6372424337970121], [0.8820589362883439, -0.06822803316694023, 0.9931941704702573]]"
0:00:01.744738,0.11080000000000026,-2.1063,-1.0141599999999997,3.4342599999999996,-0.40817333333333294,0.5050800000000003,0.5518666666666678,-0.11129265358979223,0.8707999999999997,-0.7699740130768737,0.9622,-0.0974,"[[0.9527737501622984, 0.2831344135926938, 0.10972413107899305, -0.11264767907790967, -0.005975077109057339, 0.9936120838614335, 0.2819813848466429, -0.9590566262182134, 0.02619259176750588], [0.6691274996933392, 0.22020308212031098, 0.30521054478912185]]","[[0.9304312304653709, -0.2651158345908553, 0.25297176467234994, 0.3635725687739839, 0.5816912962045436, -0.7276314201167162, 0.04575513752336251, 0.7689858517353048, 0.6376113336018171], [0.882202825529001, -0.06357563825227679, 1.0144746426799496]]"
0:00:01.813718,0.12440000000000032,-2.1063,-0.9883199999999996,3.42202,-0.3841466666666662,0.5227600000000003,0.5672800000000012,-0.0704926535897924,0.8381599999999997,-0.778587346410207,0.9622,-0.0974,"[[0.949862144010856, 0.28926000735705054, 0.11862955384112125, -0.11209886106148434, -0.03909204168646775, 0.9929225561628751, 0.29185025736465875, -0.9564470034563244, -0.004715550703602522], [0.6637258293364987, 0.22292075759368302, 0.2932754584515178]]","[[0.9250154993019586, -0.2748805644414233, 0.26224146899235584, 0.3769214066097273, 0.5777149502423496, -0.723997761970796, 0.0475120962544601, 0.7685548266446863, 0.6380024001538002], [0.8815522227769563, -0.05898516610315303, 1.0358929022375798]]"
0:00:01.881788,0.13640000000000033,-2.1063,-0.9655199999999996,3.4112199999999997,-0.3629466666666662,0.5383600000000003,0.5817866666666679,-0.0320926535897923,0.8074399999999996,-0.7866940130768737,0.9622,-0.0974,"[[0.9471158068731685, 0.2945083638032916, 0.12735383280946735, -0.111412542958678, -0.07034921595960629, 0.9912755350633012, 0.30089817819732206, -0.9530510067482099, -0.03382639285681549], [0.658390446567857, 0.22560868523678754, 0.2822507502332534]]","[[0.9194049383637406, -0.28458872382971256, 0.27145460515096, 0.39019054611355936, 0.5736025194706604, -0.7202279923854081, 0.04926171978289527, 0.7681014372632604, 0.6384155749406657], [0.8800991963842677, -0.05445296482151091, 1.0574112336915666]]"
0:00:01.948807,0.1492000000000003,-2.1063,-0.9411999999999996,3.3996999999999997,-0.34033333333333293,0.5550000000000003,0.5962933333333347,0.006307346410207693,0.7767199999999996,-0.7948006797435404,0.9622,-0.0974,"[[0.9443673013821772, 0.29924531876154137, 0.13640117061469942, -0.110582530923755, -0.1016512225974641, 0.9886490266400348, 0.30971393887689447, -0.9487411017468064, -0.06291448782793319], [0.6528197400636733, 0.2284225290909701, 0.2714361068940242]]","[[0.9136007285697657, -0.2942383170786572, 0.28060917756121284, 0.403377212174824, 0.5693548391597527, -0.7163229465684491, 0.05100346512601051, 0.7676257485833129, 0.6388507929774484], [0.8778375230748356, -0.049975105790747223, 1.0789915510594865]]"
0:00:02.011131,0.16200000000000028,-2.1063,-0.9168799999999997,3.3881799999999997,-0.31771999999999956,0.5716400000000003,0.6098933333333347,0.042307346410207725,0.7479199999999996,-0.8024006797435403,0.9622,-0.0974,"[[0.9416195994788444, 0.3034613412046004, 0.14576179042273937, -0.10962928521808138, -0.13295771226406103, 0.9850337299979774, 0.31829981102707716, -0.9435167572141006, -0.0919372678462283], [0.6470222264845797, 0.2313618621602577, 0.2608391292469744]]","[[0.9076040917492938, -0.30382736082978967, 0.2897032029547625, 0.41647864720001365, 0.5649727728728813, -0.7122834880207993, 0.052736790444489264, 0.7671278320616013, 0.6393079828147584], [0.8747627101242974, -0.045547418224235026, 1.1005954824824318]]"
0:00:02.076612,0.1740000000000003,-2.1063,-0.8940799999999997,3.3773799999999996,-0.29651999999999956,0.5872400000000003,0.6234933333333347,0.07830734641020776,0.7191199999999995,-0.8100006797435404,0.9622,-0.0974,"[[0.9390464639310876, 0.30693265866897673, 0.1548126167091707, -0.10864176152517942, -0.16227544881126327, 0.9807399709173871, 0.3261434135947351, -0.9377896521904561, -0.11904861676064199], [0.6413887846306927, 0.23423092480107957, 0.25110864528374915]]","[[0.9018086040446694, -0.31276034548422693, 0.2981721102324549, 0.4286813989969281, 0.5607433285255469, -0.7083752140747941, 0.05435365512126274, 0.7666409171226629, 0.6397564839562117], [0.8711391118749403, -0.0414381365126885, 1.1208363147567182]]"
0:00:02.143318,0.18520000000000034,-2.1063,-0.8727999999999996,3.3672999999999997,-0.27673333333333283,0.6018000000000003,0.6370933333333347,0.11430734641020779,0.6903199999999996,-0.8176006797435404,0.9622,-0.0974,"[[0.9366486594295346, 0.30974597347176835, 0.16349216626179064, -0.10765306041687392, -0.18958023768895088, 0.9759389848416965, 0.3332880546490325, -0.9317226923263311, -0.14423529192671775], [0.6359643429392755, 0.23700719344603097, 0.24221035297779167]]","[[0.896248840027551, -0.32104679790450497, 0.3060254258721752, 0.43999889757853805, 0.5566906575952509, -0.7046222808752864, 0.055855231437531475, 0.7661689600221552, 0.6401923851576672], [0.8671093268984681, -0.03763581969861102, 1.1396877781548673]]"
0:00:02.205218,0.1972000000000003,-2.1063,-0.8499999999999996,3.3564999999999996,-0.25553333333333295,0.6174000000000003,0.6506933333333348,0.15030734641020782,0.6615199999999996,-0.8252006797435404,0.9622,-0.0974,"[[0.934084548340143, 0.31229680633696094, 0.1730313271205657, -0.10653735042042396, -0.21874079600322469, 0.9699425182993556, 0.34075896102316483, -0.924453124239196, -0.17106162933282215], [0.6299809444669139, 0.24008655601801737, 0.23287830889091632]]","[[0.8901315897346403, -0.32986898173988755, 0.31438353691043225, 0.4520458225240698, 0.5522365421825114, -0.7004892901500537, 0.05745561151896983, 0.7656446083949089, 0.6406778879474151], [0.8620981111609644, -0.033593643251024145, 1.1598127852906102]]"
0:00:02.268478,0.21000000000000038,-2.1063,-0.8256799999999996,3.3449799999999996,-0.23291999999999946,0.6340400000000004,0.6642933333333347,0.18630734641020763,0.6327199999999997,-0.8328006797435403,0.9622,-0.0974,"[[0.931526023847274, 0.3143620081874553, 0.18280860249607148, -0.10537895145798028, -0.24777040300166076, 0.9630632537121592, 0.3480450595611211, -0.9163933463337373, -0.19768812357545118], [0.6238274295359858, 0.24327344529733408, 0.2237602561766263]]","[[0.8834249242967338, -0.33921352291535367, 0.32323306983506095, 0.46480339692599504, 0.5473586971784561, -0.695953951999552, 0.05915255985471918, 0.7650640839135361, 0.641216725656161], [0.8559639855250141, -0.029313844265568052, 1.1811611104324726]]"
0:00:02.332628,0.2220000000000004,-2.1063,-0.8028799999999996,3.3341799999999995,-0.21171999999999946,0.6496400000000004,0.6778933333333348,0.22230734641020766,0.6039199999999996,-0.8404006797435404,0.9622,-0.0974,"[[0.9289730410772664, 0.31593563162407207, 0.19281355699424033, -0.10419349410333262, -0.2766352068212445, 0.95530200208016, 0.35515295963597737, -0.907550576561585, -0.22407906430737068], [0.6175113407885007, 0.24656683419440273, 0.21486126481330114]]","[[0.8774039049511724, -0.34733281255664133, 0.3309192296401999, 0.47588591484041387, 0.5429839866536925, -0.6918789127835545, 0.06062840615533868, 0.7645382381275352, 0.6417058855112545], [0.8499316346009782, -0.025592280376549544, 1.1997110266738042]]"
0:00:02.398662,0.23480000000000037,-2.1063,-0.7785599999999996,3.3226599999999995,-0.1891066666666662,0.6662800000000003,0.6924000000000016,0.2607073464102079,0.5731999999999995,-0.8485073464102071,0.9622,-0.0974,"[[0.926085624703655, 0.31711787001733116, 0.2044140422527216, -0.10283643209598743, -0.3091067986865122, 0.9454429429942964, 0.36300262251257653, -0.896593360181441, -0.25365912337660146], [0.6101661937926159, 0.2504266174329629, 0.2050466436869935]]","[[0.8699025426023484, -0.3571182776846212, 0.3401787544770511, 0.48923975817476417, 0.5375391146308032, -0.6867978994462708, 0.06240869646986445, 0.7638773762754737, 0.6423219366630974], [0.8417778488789867, -0.02109752318637976, 1.2220343128492446]]"
0:00:02.465131,0.24760000000000035,-2.1063,-0.7542399999999996,3.3111399999999995,-0.16649333333333283,0.6829200000000003,0.7069066666666682,0.29910734641020786,0.5424799999999996,-0.8566140130768738,0.9622,-0.0974,"[[0.9233724264994034, 0.3176407704924565, 0.2155719125715411, -0.10156439770268072, -0.3393915249190654, 0.9351375778737169, 0.37020110088963176, -0.8853858727888478, -0.2811349692918442], [0.6030813193650287, 0.25418125586028184, 0.19607799139950127]]","[[0.862653454456033, -0.3662524063395926, 0.34881788368325495, 0.5017017336130718, 0.5322826118181156, -0.6818838238475847, 0.06407189715243007, 0.7632331269058905, 0.642923747265359], [0.8332807132120833, -0.01688658538491157, 1.2428040283013924]]"
0:00:02.527608,0.25880000000000036,-2.1063,-0.7329599999999996,3.3010599999999997,-0.1467066666666661,0.6974800000000004,0.7205066666666683,0.3351073464102079,0.5136799999999995,-0.8642140130768737,0.9622,-0.0974,"[[0.9210002175959893, 0.317624746534647, 0.22551445325913616, -0.10046923410575559, -0.36563800420095427, 0.9253100057733148, 0.3763580106578618, -0.8748792946874124, -0.3048524800407911], [0.5967529472257763, 0.2575621288987602, 0.18844830179078131]]","[[0.856161400576074, -0.37418302987947666, 0.35631538530594276, 0.5125192749608876, 0.5275790996348136, -0.6774799131382172, 0.06551693641480175, 0.7626517972041595, 0.6434677330593286], [0.8251982770871897, -0.01321358778448338, 1.2607559812007603]]"
0:00:02.590483,0.2716000000000004,-2.1063,-0.7086399999999996,3.2895399999999997,-0.12409333333333283,0.7141200000000004,0.7341066666666684,0.37110734641020793,0.48487999999999953,-0.8718140130768738,0.9622,-0.0974,"[[0.9184583184502019, 0.31711322840019257, 0.2363414377039318, -0.09932735374125748, -0.393465642722922, 0.9139487309208123, 0.38281746834279473, -0.862910423143819, -0.329895213775943], [0.5898463596062765, 0.26128194988660436, 0.18050320368400566]]","[[0.8490524463143181, -0.3826147008272933, 0.36428299982188744, 0.5240176570391082, 0.5224327085230582, -0.6726545004199154, 0.06705414617244507, 0.7620108042384324, 0.6440684972156308], [0.815876436679243, -0.009286431111009436, 1.279731067952059]]"
0:00:02.658330,0.28440000000000043,-2.1063,-0.6843199999999995,3.2780199999999997,-0.10147999999999935,0.7307600000000004,0.7495200000000017,0.4119073464102081,0.45223999999999953,-0.8804273464102071,0.9622,-0.0974,"[[0.9155737638578895, 0.31591099106025977, 0.2488148047432556, -0.09808840232471329, -0.4245961879979383, 0.9000442935184608, 0.389979702374986, -0.8484743560443909, -0.35777349349194376], [0.5818707533248616, 0.26561751687182983, 0.17179052613602472]]","[[0.8408056942277512, -0.3920868966884235, 0.37322926860997696, 0.5369316950794031, 0.5164675731743749, -0.6670531115248209, 0.06878196982748214, 0.7612617955109879, 0.6447716413257614], [0.8044962155142429, -0.004841168721971802, 1.3008746598285796]]"
0:00:02.735027,0.2996000000000004,-2.1063,-0.6554399999999995,3.26434,-0.07462666666666606,0.7505200000000004,0.7658400000000019,0.455107346410208,0.4176799999999994,-0.889547346410207,0.9622,-0.0974,"[[0.9123393914606478, 0.3137795992217436, 0.2629889886099304, -0.09679372386825369, -0.45882156713642847, 0.8832305995208808, 0.3978047634316748, -0.8312734463717179, -0.38824078860922295], [0.5727840977164848, 0.27061056974091746, 0.16242572627723204]]","[[0.8313522425591717, -0.40256563653777566, 0.38312021220418074, 0.5512137393015698, 0.5096356176300166, -0.6606276595086026, 0.07069428829132088, 0.7603965120394799, 0.6455853223957384], [0.7907716876086838, 0.00012652775536081684, 1.3239999203021489]]"
0:00:02.797551,0.3108000000000005,-2.1063,-0.6341599999999994,3.2542599999999995,-0.054839999999999334,0.7650800000000004,0.7785333333333352,0.4887073464102081,0.3907999999999996,-0.8966406797435404,0.9622,-0.0974,"[[0.909944643177143, 0.3116744239315179, 0.273576140352072, -0.09591329131538867, -0.4836209747912896, 0.8699963476607411, 0.4034627701563937, -0.8178998815312786, -0.410186372868522], [0.5659809611380189, 0.274386978350908, 0.15578090828550867]]","[[0.8242283796515143, -0.4102122777314043, 0.3903337435534651, 0.5616327999601595, 0.5044911774117339, -0.6557827234086897, 0.07209019479756451, 0.7597400536447552, 0.6462035270115908], [0.7799944866806067, 0.0037906383503875166, 1.3406646580232855]]"
0:00:02.862661,0.32360000000000044,-2.1063,-0.6098399999999995,3.2427399999999995,-0.03222666666666596,0.7817200000000004,0.7921333333333352,0.5247073464102081,0.36199999999999943,-0.9042406797435405,0.9622,-0.0974,"[[0.9071906067054799, 0.30871105917374425, 0.2858091927776165, -0.09499541567667694, -0.5114917543417915, 0.854010539355993, 0.4098315435709634, -0.8019127615795758, -0.43470623873219605], [0.5581031838596515, 0.2788015295990006, 0.1484557836889157]]","[[0.8164482066610423, -0.41833340490992243, 0.3979908275463273, 0.5726955244684718, 0.498876381634715, -0.6504888015004912, 0.07357297121735724, 0.7590190565351603, 0.6468833204770736], [0.7678366311091281, 0.007723449893047962, 1.3581373075503915]]"
0:00:02.932424,0.3364000000000005,-2.1063,-0.5855199999999996,3.2312199999999995,-0.009613333333332696,0.7983600000000004,0.8066400000000019,0.5631073464102081,0.33127999999999935,-0.9123473464102072,0.9622,-0.0974,"[[0.9044123871971473, 0.3051518757379314, 0.29816920924669416, -0.09418263238919862, -0.5388247824617232, 0.8371255335441213, 0.4161113860982394, -0.7852009911727691, -0.45859172882387556], [0.5501249339306168, 0.28331870625103284, 0.1414206646962372]]","[[0.8079828035092075, -0.4269125710294187, 0.4060750178571355, 0.5843788712912517, 0.49277105714195824, -0.6447257157288595, 0.0751394970821892, 0.7582300125557209, 0.6476281659642643], [0.7541888863735887, 0.011929916845932628, 1.3763080884809848]]"
0:00:02.996296,0.3484000000000005,-2.1063,-0.5627199999999994,3.2204199999999994,0.0115866666666673,0.8139600000000005,0.8211466666666687,0.6015073464102081,0.3005599999999995,-0.9204540130768738,0.9622,-0.0974,"[[0.9017798584204243, 0.3012735607534369, 0.30985759668559154, -0.09352520705408171, -0.5639295665340099, 0.8204985867882618, 0.4219323910210384, -0.768900575874221, -0.48037563307758896], [0.5425625404671125, 0.2876442158275044, 0.13509124591274185]]","[[0.7993472232992215, -0.4354039572438653, 0.4140714320562553, 0.5959391666431126, 0.4865470010873089, -0.6388438707328346, 0.07668993587516616, 0.7574205039139938, 0.6483932201850752], [0.7398597747149344, 0.016151747836602573, 1.3939649221895294]]"
0:00:03.059364,0.3604000000000005,-2.1063,-0.5399199999999995,3.2096199999999997,0.0327866666666673,0.8295600000000005,0.8347466666666687,0.6375073464102081,0.27175999999999934,-0.9280540130768739,0.9622,-0.0974,"[[0.8991140954512661, 0.29687135658055475, 0.321629802096751, -0.09297663111315077, -0.5885022270950031, 0.8031200013036887, 0.427703179118066, -0.7520125905503459, -0.5015405705515437], [0.5349280241614293, 0.2920549226660707, 0.1290214694999687]]","[[0.7910984296311632, -0.4432833627321836, 0.4214868048054769, 0.6066630413333426, 0.48060525107539537, -0.6332229184098113, 0.0781284129832859, 0.7566431543096148, 0.6491286613418263], [0.7258267736604275, 0.02012660644071996, 1.410023075454791]]"
